0.000000000000000000e+00 0.000000000000000000e+00
7.776579376328071613e-03 1.234883477870239894e-03
1.497336339647320838e-02 4.878410048176386182e-03
2.103449203364515449e-02 1.074947723792884710e-02
2.545114630419630444e-02 1.855373643788125679e-02
2.778302115362412186e-02 2.789456641683957933e-02
2.767741431102723956e-02 3.828792500338289162e-02
2.488525594711497174e-02 4.918058674374200384e-02
1.927350173684390378e-02 5.997116029239176610e-02
1.083342845538879697e-02 7.003318407670795775e-02
-3.154970149660436818e-04 7.873952540915107878e-02
-1.392636143084868654e-02 8.548725905845490358e-02
-2.963019804709765906e-02 8.972217797025149044e-02
-4.694591289092654718e-02 9.096209220812508101e-02
-6.529447911742126964e-02 8.881810232623330026e-02
-8.401699153121423846e-02 8.301308953472141816e-02
-1.023960422742959953e-01 7.339674564055326256e-02
-1.196797632158046049e-01 5.995656855325043333e-02
-1.351077844172560438e-01 4.282437116806993987e-02
-1.479382843124838198e-01 2.227798910961746939e-02
-1.574752584116141385e-01 -1.261977929502649609e-03
-1.630951111610008386e-01 -2.724040013454549769e-02
-1.642716810300623997e-01 -5.498067685721483300e-02
-1.605988420967566221e-01 -8.370231486232759810e-02
-1.518098856822894804e-01 -1.125425698714626055e-01
-1.377929714433256403e-01 -1.405815582534702401e-01
-1.186020464889318698e-01 -1.668701243266897394e-01
-9.446276055410156303e-02 -1.904596473394804257e-01
-6.577305139963880720e-02 -2.104328941153804367e-01
-3.309823325087656726e-02 -2.259349712635898011e-01
2.839412352769201363e-03 -2.362034067021772377e-01
4.117637432643318079e-02 -2.405963951549727198e-01
8.092864184469346356e-02 -2.386182765536355166e-01
1.210169290104021467e-01 -2.299413793321274935e-01
1.602957485364971402e-01 -2.144234510155332285e-01
1.975855564291023603e-01 -1.921200140300479142e-01
2.317070782014763741e-01 -1.632911222805952800e-01
2.615168400275578175e-01 -1.284021500534172355e-01
2.859428684370777241e-01 -8.811841491047239794e-02
3.040194918837074156e-01 -4.329361568579788433e-02
3.149201781785782028e-01 5.047749634177861079e-03
3.179873738911579428e-01 5.573363876710231424e-02
3.127583749915612277e-01 1.074728691767157657e-01
2.989863509523684737e-01 1.588879832480912246e-01
2.766557650742877406e-01 2.085517387020321134e-01
2.459915789502982175e-01 2.550262617575715929e-01
2.074617949849874854e-01 2.969037992450278551e-01
1.617730733301826207e-01 3.328479332395729018e-01
1.098593535345657596e-01 3.616340804425637878e-01
5.286361127630108403e-02 3.821880902480133124e-01
-7.886918864613687644e-03 3.936217810429740727e-01
-7.091152825738826493e-02 3.952643137001450868e-01
-1.346121158540885543e-01 3.866883933633850634e-01
-1.973136875902890552e-01 3.677304134909409883e-01
-2.573082477713757310e-01 3.385038067932877315e-01
-3.129009358650872707e-01 2.994050424349977146e-01
-3.624571711921523720e-01 2.511119031749799446e-01
-4.044495100729256776e-01 1.945738848832909984e-01
-4.375028972989526421e-01 1.309947784908101209e-01
-4.604370076536525302e-01 6.180771495382762076e-02
-4.723044239034030478e-01 -1.135682887814051627e-02
-4.724234844922619581e-01 -8.670935765597816147e-02
-4.604047553535451365e-01 -1.623451197443138150e-01
-4.361702330661970661e-01 -2.362922342015573995e-01
-3.999645673746423102e-01 -3.065629670228140480e-01
-3.523577953609415836e-01 -3.712068263777278387e-01
-2.942393020848900198e-01 -4.283640662493494733e-01
-2.268029574757789713e-01 -4.763181448542069263e-01
-1.515236204123486252e-01 -5.135456803773946755e-01
-7.012544173309091800e-02 -5.387624827202797118e-01
1.545736825420042718e-02 -5.509643158752381975e-01
1.031264218974960595e-01 -5.494611598574278277e-01
1.906705996151173699e-01 -5.339038914071494446e-01
2.758217974442673803e-01 -5.043024854707094384e-01
3.563135716711723910e-01 -4.610350503685055057e-01
4.299411669949030901e-01 -4.048472433208060162e-01
4.946213451783474935e-01 -3.368418636680934886e-01
5.484504032307405685e-01 -2.584586821786193922e-01
5.897587853503546418e-01 -1.714448293754673724e-01
6.171607514906646275e-01 -7.781632672534592732e-02
6.295976666826289536e-01 2.018840532029104323e-02
6.263736171649166851e-01 1.201619960110749813e-01
6.071822388255900815e-01 2.195872551684449614e-01
5.721238562603669919e-01 3.159005339271769852e-01
5.217122717534472542e-01 4.065577209297679961e-01
4.568708066928078848e-01 4.891011775631447511e-01
3.789174766542430794e-01 5.612258573799103756e-01
2.895394684140790709e-01 6.208428422623312182e-01
1.907573749280113140e-01 6.661385622890291236e-01
8.487992515116707382e-02 6.956280475313634248e-01
-2.554978815514381135e-02 7.082006867599297539e-01
-1.378153351393965609e-01 7.031571376630330050e-01
-2.490937670749056865e-01 6.802362418619958273e-01
-3.565265825544267630e-01 6.396310408432399619e-01
-4.572930580727507244e-01 5.819932600165256265e-01
-5.486840641502420679e-01 5.084259207100000344e-01
-6.281744409779274063e-01 4.204640466060729498e-01
-6.934920105132231782e-01 3.200437439986305033e-01
-7.426813557608966665e-01 2.094602461173438457e-01
-7.741606020334456106e-01 9.131581235275518238e-02
-7.867695873531113104e-01 -3.154134459237560584e-02
-7.798080065786922033e-01 -1.560856745582253902e-01
-7.530623518165151520e-01 -2.791887970086899817e-01
-7.068207445682066492e-01 -3.976980645749699783e-01
-6.418750562330640674e-01 -5.085172104978190610e-01
-5.595100355292215166e-01 -6.086870191196979141e-01
-4.614794959758117265e-01 -6.954639229037673509e-01
-3.499699551854197344e-01 -7.663944481442663825e-01
-2.275524515178228568e-01 -8.193835049274066362e-01
-9.712358380574168115e-02 -8.527546439132863698e-01
3.816288222463908725e-02 -8.653005806211557793e-01
1.749722296964055235e-01 -8.563225132169094422e-01
3.098709876829288112e-01 -8.256570271314338516e-01
4.394130836324307010e-01 -7.736896828133391635e-01
5.602277897893327419e-01 -7.013547141461176082e-01
6.691072212055292345e-01 -6.101206162996746230e-01
7.630911189809111983e-01 -5.019617641611738845e-01
8.395466870052814556e-01 -3.793165667062948221e-01
8.962413436417959733e-01 -2.450330192578161481e-01
9.314063999134064575e-01 -1.023028551305363715e-01
9.437898797374292270e-01 4.541418840825201669e-02
9.326969510601901270e-01 1.944741961563445365e-01
8.980167334861202111e-01 3.411389628855226452e-01
8.402345810740557974e-01 4.816697258153745387e-01
7.604293002456449235e-01 6.124223917817931406e-01
6.602551432311577484e-01 7.299418355873832365e-01
5.419088075609599375e-01 8.310528340098454203e-01
4.080820618133919608e-01 9.129452507276276663e-01
