0.000000000000000000e+00 0.000000000000000000e+00
2.297398410722364948e-02 2.177253531231500283e-03
4.430964093560407074e-02 8.474598271719931131e-03
6.353551453959330186e-02 1.850847513180643722e-02
8.023787513730434862e-02 3.185771138830583576e-02
9.406269324904699414e-02 4.806984539496350628e-02
1.047170657412104661e-01 6.666754880804455496e-02
1.119700779046276101e-01 8.715509531112886066e-02
1.156530926162155914e-01 1.090248232211211421e-01
1.156594643281340512e-01 1.317635385417069982e-01
1.119436820860018889e-01 1.548588049499881047e-01
1.045199519759739265e-01 1.778050678100601412e-01
9.346023531406288942e-02 2.001095605594655213e-01
7.889176449141215020e-02 2.212979436673401523e-01
6.099406364620044846e-02 2.409196287732447983e-01
3.999550621611561163e-02 2.585527435390089779e-01
1.616944590521564307e-02 2.738086961371804517e-01
-1.017003835262415140e-02 2.863363021122749541e-01
-3.867273926047115618e-02 2.958254405369151741e-01
-6.895721257152519212e-02 3.020102108946798869e-01
-1.006159131545829449e-01 3.046715669043298935e-01
-1.332205237235056516e-01 3.036394085042075086e-01
-1.663274226766315034e-01 2.987941183884204044e-01
-1.994832364624348209e-01 2.900675347747871946e-01
-2.322304213976536247e-01 2.774433574351934939e-01
-2.641128199124804232e-01 2.609569893789510653e-01
-2.946811367785426850e-01 2.406948218965708486e-01
-3.234982819790591657e-01 2.167929758936709972e-01
-3.501445284919917911e-01 1.894355175226083154e-01
-3.742224353570753892e-01 1.588521710047363644e-01
-3.953614889629381568e-01 1.253155561830617826e-01
-4.132224184937087763e-01 8.913798271022405073e-02
-4.275011448843415440e-01 5.066783681983848958e-02
-4.379323264156914641e-01 1.028560031328218903e-02
-4.442924681962177047e-01 -3.160045531443320815e-02
-4.464025671863600664e-01 -7.455885381653616639e-02
-4.441302690808887621e-01 -1.181397299888817670e-01
-4.373915182285835757e-01 -1.618798261480821898e-01
-4.261516867905009720e-01 -2.053076176562461941e-01
-4.104261744696391934e-01 -2.479485148839195019e-01
-3.902804753370600066e-01 -2.893300885359463837e-01
-3.658297134831308139e-01 -3.289872653049817353e-01
-3.372376543883402467e-01 -3.664674413620274129e-01
-3.047152039874568286e-01 -4.013354622357026003e-01
-2.685184123460139793e-01 -4.331784191603702538e-01
-2.289460036330324411e-01 -4.616102139716415920e-01
-1.863364586141787183e-01 -4.862758470757369555e-01
-1.410646801631471603e-01 -5.068553858921106547e-01
-9.353827625648211685e-02 -5.230675744382002890e-01
-4.419349854192134580e-02 -5.346730483590425020e-01
6.509122180535895259e-03 -5.414771236674460475e-01
5.808939938170693679e-02 -5.433321317140575868e-01
1.100523265342543272e-01 -5.401392774100434169e-01
1.618930765947902972e-01 -5.318500024350859556e-01
2.131021151890951648e-01 -5.184668400349495831e-01
2.631703764438539928e-01 -5.000437529996608621e-01
3.115944498903339133e-01 -4.766859514680349408e-01
3.578817268417889830e-01 -4.485491922790262320e-01
4.015554551160937513e-01 -4.158385666372988454e-01
4.421596519326024266e-01 -3.788067878319355541e-01
4.792638262473533639e-01 -3.377519955966709619e-01
5.124674636889604562e-01 -2.930150983819210242e-01
5.414042295999488275e-01 -2.449766792794240144e-01
5.657458484519600761e-01 -1.940534955577695453e-01
5.852056210613061360e-01 -1.406946056921550559e-01
5.995415445532739085e-01 -8.537716136795545085e-02
6.085590038755998021e-01 -2.860190517172542593e-02
6.121130078067250624e-01 2.911158247476479041e-02
6.101099468033429618e-01 8.722984115812411343e-02
6.025088546425028113e-01 1.452106451319768454e-01
5.893221605924076067e-01 2.025082253033071156e-01
5.706159237478248825e-01 2.585785480067751552e-01
5.465095461443755243e-01 3.128845994564686261e-01
5.171749662739478781e-01 3.649016246802275765e-01
4.828353396138970743e-01 4.141222701440889220e-01
4.437632177086345275e-01 4.600615801592554677e-01
4.002782421573591876e-01 5.022617985225801274e-01
3.527443745208714287e-01 5.402969286606500443e-01
3.015666876199448176e-01 5.737770078097367277e-01
2.471877479158342827e-01 6.023520534475620414e-01
1.900836226006791807e-01 6.257156432725557993e-01
1.307595486450313371e-01 6.436080934728846126e-01
6.974530431760495031e-02 6.558192038084973419e-01
7.590326578153954069e-03 6.621905421091267563e-01
-5.514137977884903813e-02 6.626172451312244416e-01
-1.178764933074386012e-01 6.570493172764191314e-01
-1.800377379045466908e-01 6.454924134104833566e-01
-2.410493049724700132e-01 6.280080968905480399e-01
-3.003422844555155846e-01 6.047135688638174411e-01
-3.573600532887608039e-01 5.757808698968871486e-01
-4.115635701129057300e-01 5.414355599842259892e-01
-4.624365259065040812e-01 5.019548879207407222e-01
-5.094903014580398626e-01 4.576654658604865644e-01
-5.522686843335742335e-01 4.089404695762279274e-01
-5.903523001748547383e-01 3.561963894389043594e-01
-6.233627157677372743e-01 2.998893614099266136e-01
-6.509661743272008305e-01 2.405111113427228775e-01
-6.728769268253189662e-01 1.785845495856042409e-01
-6.888601269108584058e-01 1.146590562312479744e-01
-6.987342609991785691e-01 4.930550033751265881e-02
-7.023730894113837664e-01 -1.688896097803097365e-02
-6.997070789723417450e-01 -8.332625551574569800e-02
-6.907243121961477161e-01 -1.494028912841240397e-01
-6.754708630511301326e-01 -2.145155230997026208e-01
-6.540506342593657152e-01 -2.780665387248528742e-01
-6.266246561018893324e-01 -3.394696124841378726e-01
-5.934098517237271775e-01 -3.981551744971459361e-01
-5.546772789159402084e-01 -4.535757443459692007e-01
-5.107498632487474932e-01 -5.052110791529337286e-01
-4.619996421949912335e-01 -5.525730876683735415e-01
-4.088445444724402300e-01 -5.952104640445009531e-01
-3.517447332039940755e-01 -6.327129974808556323e-01
-2.911985456060852684e-01 -6.647155168465495034e-01
-2.277380657291779853e-01 -6.909014326878369916e-01
-1.619243702546715458e-01 -7.110058426862251313e-01
-9.434249046718798382e-02 -7.248181706088507870e-01
-2.559613624111217040e-02 -7.321843130526907162e-01
4.369776982031043505e-02 -7.330082727882767379e-01
1.129146980975298531e-01 -7.272532622154918025e-01
1.814282061252754097e-01 -7.149422653104988701e-01
2.486156689026684796e-01 -6.961580514241066941e-01
3.138639925814824538e-01 -6.710426393420330093e-01
3.765752588148573166e-01 -6.397962150900832201e-01
4.361722475791339204e-01 -6.026755120154442258e-01
4.921037872941273483e-01 -5.599916666525651676e-01
5.438498825533135683e-01 -5.121075687424537781e-01
5.909265717218071812e-01 -4.594347284728766412e-01
6.328904690493690754e-01 -4.024296885003262325e-01
