1.251076324049826383e+00 4.260714596148742928e+00 7.588136327002127146e+00
-2.599563060974115380e+00 -1.020122737044451000e+00 -1.043235936721796087e+01
1.233914555293423199e+00 -7.660082194956959967e+00 -4.807798980410622924e+00
-3.009238138424410014e+00 2.992642186624028255e+00 3.415877849614256112e-01
-9.254025898647968873e+00 6.210886669406825433e-01 -3.047504309191228167e+00
-4.147812007809062451e-01 4.548647782429915409e+00 1.754573909362486583e+00
5.190124161627551302e+00 -6.814913339825857896e+00 -1.022334015905088478e+01
3.225879039512100643e+00 -7.248932352198492524e+00 -4.278592334826786470e+00
5.525527930822808464e+00 -2.128653525516432055e+00 4.184799919645983302e+00
-3.253829061637542264e+00 -5.631562897029371406e+00 7.590956445003788744e+00
-9.035263174884716975e+00 -7.907592090219372594e+00 -3.870911484613452469e+00
5.931181705020615702e+00 -4.504572350594624908e+00 3.309791130122115010e+00
-5.016593543671818978e+00 1.777639420895203770e+00 6.844959780197516608e+00
4.408615872595907703e+00 -2.286483423795825587e+00 -3.477833508759770709e+00
-9.377731590490656188e+00 -9.303243809200033354e+00 -2.368229126262470619e+00
-9.131677894282461239e+00 -7.442138144690627399e+00 -3.542893780801636971e+00
-3.198622655522000979e+00 4.233283058799997889e+00 -2.033443443708128073e-01
1.205673505657157030e+01 2.125960221746916901e+00 -2.668639801675515955e+00
5.511135182880183336e+00 -8.534918289904242172e+00 4.210708651269390757e+00
-5.876802686767351069e+00 -3.397712593905980683e+00 -8.573968673733608270e+00
-1.391158910609243682e+00 -2.572346348330947663e+00 -4.163674156443535779e+00
-1.604616091316253490e+00 3.639806031181731072e+00 1.689859399186916855e+00
6.354363269525976854e+00 -6.216573469026975829e-02 6.978281764967195766e-01
5.215183314232050726e+00 -2.198979682332837804e+00 4.693112307840204167e+00
-9.209225859871272846e+00 -7.227183167117094520e+00 1.234174188643489378e+00
1.214504152011158844e+01 1.626992350416717414e+00 -2.368255439217729297e+00
1.128378313981117032e+01 3.422410256414732288e+00 -4.586498039834380869e+00
-9.305390959134426154e+00 3.828113525346752866e+00 -2.797548801043726385e+00
-3.092406631955128216e+00 -7.060257063712821690e+00 -2.100284986872134052e+00
-2.383715604534589527e+00 -5.120045038551034544e+00 1.208266159250883431e+00
1.535830253778239785e-01 -5.929764523391561681e+00 7.832871100502071471e+00
4.916335709205860383e+00 -4.648700099596160484e+00 -1.032950265391159661e+01
6.191852200047246235e+00 -1.859558752626272238e+00 2.454458372925753640e+00
2.363831265103419690e-02 2.032954711310594575e+00 -4.717340654083760576e+00
-3.288313154218622802e+00 4.803304049007760312e+00 -9.795725472099261477e-01
5.236045775559179383e-01 -7.019264776987413690e+00 -1.103058675804052235e+01
5.554058982176405257e-01 2.231921426822513155e+00 7.506943930042706548e-01
-4.408358011812637756e+00 9.351075206148102836e-01 -9.601500782074630536e+00
4.464355096926715949e-01 -8.889330223988643809e+00 -1.102700442844686002e+01
2.439746458693235365e+00 -8.261964107123054291e+00 7.117181754780322223e+00
7.331869746230737839e+00 -6.505280975866316595e-01 -9.085126083559840637e+00
4.231428859647463625e+00 -9.046624745709644699e+00 5.860744956411451767e+00
5.247374890065690245e+00 -5.122250169598794756e+00 4.644719218657061610e+00
-2.777697570287612550e+00 -4.366379296718037040e-01 -1.036818141182993536e+01
8.821383249341593569e+00 -2.916776122570760243e+00 -7.892161819779008880e+00
-1.557853795159658272e+00 6.986718083449243721e-01 -4.056927148696246377e+00
-3.814643359414136015e-01 -1.580842036457555722e+00 -1.095412453764342509e+01
4.224315870417534868e-01 -2.593066054534139298e+00 -1.102577927913801226e+01
-8.567659275892360426e+00 -3.586884724621755893e+00 3.023553251989179458e+00
-8.401298638181315948e-01 -8.381628595100433898e+00 1.818848376002476952e+00
-1.360625017297609096e+00 -4.538438310432937328e-01 1.764028807113713793e+00
5.094984648385502801e+00 -2.371439632529458663e+00 4.866439994713886108e+00
9.915155144202431714e+00 -6.260616562766875504e+00 -6.708714594605283743e+00
-1.569155584375206747e+00 1.333267078145730977e+00 7.895747235392858165e+00
5.789331006359518916e+00 -8.845301352568105457e+00 -1.616788358555596883e+00
5.996420637444215274e+00 -7.581680691189934151e+00 3.130280335246235168e+00
1.091155915804302623e+01 2.121805693466253473e+00 -5.267812202462289761e+00
-8.385392182735518674e+00 3.071908852815765201e+00 -5.450533000401609485e+00
3.003719317034345249e+00 -7.201449116709461862e+00 -1.085764604965610047e+01
9.124132587190514343e+00 -1.909866371265239948e+00 -7.595885204966282167e+00
3.296752379555241586e+00 3.441369498852399289e+00 -1.079987325352816008e+01
4.920765512760883809e+00 -8.349221132084847952e+00 5.099329633072115620e+00
5.759719869138108628e+00 -3.593383170606155197e+00 -1.679197773714325548e+00
4.109694807406100381e+00 2.910958748845152044e+00 -1.059651465022602679e+01
5.233626568304500237e-01 -2.338790461336514248e+00 9.077047861704662379e-01
-2.124960840461522782e+00 -6.668382842939045929e+00 7.835779795677649595e+00
-1.539604345822940701e+00 -4.935772428945580437e+00 -4.069152070139238297e+00
1.140297886222376356e+01 -5.151956019688671340e+00 -4.344007974752788215e+00
-8.426895328791204065e+00 5.452843834276670520e-01 3.303266016419565521e+00
2.066792750490148656e+00 4.576731240814410739e+00 7.290435714733805916e+00
1.198004327923029777e+01 -6.223265562619538116e+00 -2.908977132155618595e+00
-7.491270827656761888e+00 -5.486825352748454954e+00 4.733201671358224338e+00
6.114111385991892078e+00 -9.446695789682008737e+00 2.756419763088609809e+00
-9.087911744814402226e+00 -2.459814651567077348e+00 -3.697080125286161145e+00
-2.731780130305019760e+00 -5.820303036450828138e+00 8.164409825960213807e-01
9.949821911313502909e+00 -6.406571639995413570e+00 -6.665481505568722653e+00
3.393712577441875267e-01 -2.658208595836554444e+00 -4.771342392451643377e+00
1.242484359465025889e+01 -6.369170927327493459e+00 -1.127360903034078987e+00
-6.583068727727604319e+00 1.424294229930763933e+00 -7.924808984127345468e+00
6.050213797694353524e+00 9.232452291778940889e-01 -9.597550744914745691e-01
1.760314413230189556e+00 -5.154125410963086296e-01 7.414801249655449844e+00
-8.380801556371316963e+00 -1.963379738878622049e+00 -5.459410885569031535e+00
-3.041313114641919224e+00 2.529537433838569882e+00 -2.237946274856574380e+00
4.781771806904032474e+00 -7.202222344002186638e+00 5.271642613372622854e+00
-2.088428257118562836e+00 -1.136605852176373332e+00 1.441325667422791224e+00
-6.273615713488661427e+00 -9.751182566082157166e+00 -8.224258094322333790e+00
-8.165687728748956431e+00 -6.602563372030930466e+00 3.766701255460141340e+00
-7.918731869322603423e+00 -7.384503564925128494e+00 -6.259016613557266240e+00
-5.460373313651415650e+00 -4.198969805491938878e+00 -8.904652577683233261e+00
1.118306586659596746e+01 -7.937185837810101674e+00 -4.781370989043994157e+00
3.615351576804385569e+00 -8.297897181391164168e+00 6.386569683822759913e+00
1.070484094652718987e+01 3.160090300714715639e+00 -5.606080946926859987e+00
6.350941219093029666e+00 -1.002393094873141877e-01 6.309158561738497095e-01
4.049311353800993274e+00 -1.671987826008065170e+00 -1.061384165796531676e+01
-8.790945026935673923e+00 -6.372215636493224977e+00 2.521577363537830685e+00
-2.950494839903606170e+00 3.458236369299902080e+00 -2.448832372775533450e+00
9.549461627280136256e+00 -5.034781409009809749e-01 -7.141155574968014008e+00
3.743387635496453036e+00 -4.761856380810086442e+00 6.286850379623079910e+00
-3.047769526149808339e+00 3.456653899288657072e+00 -1.026398688260312397e+01
8.814102252176331476e+00 1.698133187864357296e+00 -7.899029986103235146e+00
-8.050630676469420877e+00 -8.737900525074266511e+00 -6.047554834762358666e+00
1.683266767016283305e+00 3.478312827906188787e+00 -4.763401775893816747e+00
-9.154770496642900213e+00 -9.862044225750555171e+00 -3.457400152200066135e+00
-2.607514252168652735e+00 -4.747346337916269476e-02 -3.037204833664012060e+00
5.599087845870520663e-01 -7.587879228737520521e+00 6.969902698203283009e-01
-9.246131898293775464e+00 3.784279653903990237e-01 1.077780905516855015e+00
-7.616038496881621711e+00 -6.635960358091603339e+00 -6.704442786096631579e+00
-4.038948105392215382e+00 -6.441263687547999162e+00 -9.805597026186887888e+00
4.538789137290652143e+00 1.197371076770362919e+00 5.548373983093254580e+00
-7.722534936111919102e+00 2.738351157412669323e+00 -6.553500566337973510e+00
-7.346219272311165227e+00 -1.475370949967926393e+00 -7.062515694856411841e+00
-2.930452463361330029e+00 -4.484262954108497290e+00 -2.490978677791955143e+00
6.357112964982950309e+00 -6.340155349313746136e+00 1.210864994315920651e+00
1.221539070784973724e+01 -4.103534129998593905e+00 -2.106157142863854137e+00
9.095576546651122030e+00 -5.329206100410566194e-01 -7.624751339896420177e+00
2.309336322968038591e+00 -2.460443603422118208e+00 -1.096259713657963708e+01
-9.476151886388484158e+00 -2.612234592717041615e+00 -1.141733473941167976e+00
4.135555515546009531e+00 8.367817289225794042e-01 -3.705228387601988693e+00
6.194770774301371574e+00 -9.635260503528192189e+00 2.441845482144603618e+00
-7.905882262631265256e+00 -7.343339808894265630e+00 -6.279006692851864635e+00
1.131786466463998764e+01 4.308928655038810618e+00 -4.518540291249177443e+00
1.026688710024725459e+01 -4.447619496168334408e+00 -6.249849843371539038e+00
1.325885390531075445e-02 3.924778438815881287e+00 1.562253260870747784e+00
-2.965256014712405630e+00 4.499822285655042720e+00 7.669640620169900558e+00
1.200885610246788460e+01 2.795141832010401117e+00 -2.820663499948783404e+00
5.863578817451749359e+00 -4.223534070971121324e+00 3.480797142693758062e+00
6.524952609404955695e+00 -5.246169922655835371e+00 -9.582854964524953445e+00
2.301973139659498013e+00 -1.647981063124747791e+00 -4.633156742720745846e+00
1.116170177814033515e+01 4.404469501245955598e-01 -4.821623158479705573e+00
-9.469008841718114411e+00 -8.542352593438472752e+00 -5.986011081934885514e-01
-8.957428393903414943e+00 4.850807751563948500e+00 -4.108835001481937255e+00
-4.267269949119933264e-02 -2.225055214543949056e+00 -4.703122372799668938e+00
8.237136849449777642e+00 1.111529266313066699e+00 -8.408256575354705831e+00
-5.068715219686728446e+00 5.372612598066393019e-01 -9.185664919917524429e+00
2.366449931302078369e+00 -5.596122336032599343e+00 7.153214794366180129e+00
3.445523875595458030e+00 2.151700920187710864e+00 -1.076743033307417008e+01
7.590181739566513208e+00 3.698608288347069006e+00 -8.905712408599672614e+00
-8.134706398296232877e+00 -2.477255579692005938e+00 3.817657247279062638e+00
2.583131547550344465e+00 -2.505410383335231472e-01 -1.092653436343072926e+01
-4.740366642652557694e+00 1.936890041541515117e+00 -9.401015380928393839e+00
8.980849976846259963e+00 -4.930072647226962701e+00 -7.738755966620965765e+00
1.171448119404693511e+00 -8.590270902386965446e+00 7.611661572950576549e+00
-9.473828211631236229e+00 -9.460865893048868713e+00 -1.250967070195979858e+00
-5.658163177247687692e+00 -1.860330479386350433e+00 6.442785223955254104e+00
6.075842809217750329e+00 -1.137501091464837799e+00 2.886678888837567403e+00
-1.281998375688342628e+00 -9.439777168761784409e+00 1.781259829799328953e+00
4.457107852270512538e+00 -4.597140378831056751e+00 -1.048971226556909642e+01
-1.034433431678825066e+00 -2.166351099177934003e+00 -4.358272523994404679e+00
3.453612675110215302e-01 -6.762684587547352244e+00 -1.102148963445789853e+01
-8.736623681152988041e+00 -8.719788025093480499e+00 -4.694073706127161572e+00
-2.741710633190726387e+00 -2.029680526477780411e+00 8.026662364108275716e-01
-9.082138783030829998e+00 -4.385514775269019339e-01 1.699538624389768104e+00
-3.037784496383980848e+00 4.637781191938019631e+00 -1.026798972145772382e+01
-8.332990813485855242e+00 -5.155652905881310311e+00 3.477376473780121824e+00
2.338840741753204444e+00 -5.937516231068887151e+00 -1.095904168556313429e+01
-3.784435898771647544e+00 -8.823154279866010086e+00 7.416038914411731575e+00
-8.340975921513568148e-01 4.439726220168875415e+00 1.818656137732664879e+00
5.448891339686118052e+00 4.396130914054694472e-01 -1.011544721672656699e+01
-1.455624387207777204e+00 -7.400585198937313258e+00 7.903190376287189345e+00
1.267560497919577145e+00 -6.246356527531069958e+00 -4.805916976140260033e+00
-9.254709371244022265e+00 7.189388405009342620e-01 1.039592693642349408e+00
-7.217613115549049496e+00 -5.800991545810857630e+00 -7.222205471440828362e+00
1.177771546497660893e+01 1.068453750436527017e+00 -3.474435155495784411e+00
-9.334348313415461007e+00 -8.241888064847167072e-01 6.403317161361062881e-01
-2.297065619749262488e+00 -6.284035157482637857e+00 7.809230147967269886e+00
2.616273188911066860e+00 1.367691656965536851e+00 7.026241303508587777e+00
9.517750202382398161e-02 -8.258910392396256128e+00 1.504616184528398515e+00
-2.431229626515647002e+00 -9.389067965215447842e+00 1.163429651378481644e+00
6.821190068863321798e+00 5.548678907003559146e-01 -9.410647520923124176e+00
-6.202968806170534144e+00 -8.532487590234978825e+00 6.033382778901222210e+00
-7.202512334033769115e+00 -2.897923438291514664e+00 5.075104270186690414e+00
2.586889937356385616e+00 -3.492225261430404792e+00 -4.545211045997418431e+00
-6.246179817957385749e-01 -7.622485292167535675e-01 7.908172839805009069e+00
-8.323060778529274728e+00 -9.320439853419332010e+00 -5.569257467941568507e+00
1.245548987702350008e+00 -6.121012642864549491e-01 7.589799778621952875e+00
-7.774113865772537046e+00 2.847347617824834032e+00 4.360647533850660729e+00
-7.292832996007257762e+00 -7.555983593778554663e+00 -7.129608400317772876e+00
-3.273898802710354161e+00 -3.637108269052653498e-01 -6.521936433100501418e-01
-9.362977698125403148e-01 -1.213366280898050320e+00 1.819297897939713415e+00
1.130979370432795328e+01 -1.367887331861815881e+00 -4.534729851537460554e+00
1.935196071566991360e-01 -3.506767233647032356e-01 7.826869614001541464e+00
-5.166724309043670083e+00 -1.815748160260975297e+00 6.757910611368655118e+00
1.135314284178140554e+01 -4.208460432988386124e+00 -4.447056457574196209e+00
1.194842508605181486e+01 3.580259629340956096e+00 -3.003376078189467613e+00
4.170131544712836202e+00 -8.959580486872518179e+00 -3.678056501681621793e+00
-2.639819889132189346e+00 -9.726672615226753749e+00 -2.990915419697512068e+00
-2.902717360453420437e+00 2.451016012453521853e-01 -2.547168330397552083e+00
-3.278311918972796057e+00 -5.215365545593580343e+00 -7.030872864245041320e-01
6.087211912122216795e+00 -9.650920963962612120e+00 -9.816476584659655558e+00
3.838782518247329634e+00 -5.772178378399001275e+00 -1.067143178315506091e+01
-1.653023295786513636e+00 4.510574804622589085e-01 -3.990909122939999776e+00
-8.542189426469841251e+00 3.162080202905794835e+00 -5.133193277103975660e+00
-2.368380960620958042e+00 2.052213955772728582e+00 -1.051040142763400986e+01
6.171398914002909741e+00 -7.338406843304158045e+00 2.539872040790573049e+00
-1.176990462257323511e+00 2.102521089008959621e+00 -1.082344787730927393e+01
1.248421486099441502e+01 -3.810734846328602821e+00 -7.474502292393292446e-01
1.442563011924209881e+00 1.646194411129952684e+00 7.527665863056941298e+00
3.631998504706913433e+00 3.961359884053470282e+00 6.373862627513637413e+00
7.020457773211186137e+00 -3.565089589374724532e+00 -9.288071975992373552e+00
-1.157068359729370055e+00 1.318143111270234868e+00 -1.082746503740017907e+01
-2.527904598799307845e+00 3.538293600193499699e+00 -3.145531270691332093e+00
-7.870898923665295754e+00 2.396861991616123788e+00 4.223174961305751651e+00
4.818861468632447576e+00 3.432848427443007111e+00 5.226737161988100233e+00
1.122745467321821233e-01 -9.837435227795523929e+00 7.838855786892184874e+00
9.805591053035106697e+00 -8.630699848207996183e+00 -6.842702326332091189e+00
4.855854324603584793e+00 4.250929505762073290e+00 5.181183967441421956e+00
1.165200035057104166e+01 -1.398431678150707569e+00 -3.787446571008323826e+00
-8.441741099920172076e+00 -3.273317170325203307e+00 -5.339732248153259420e+00
5.900483019389991313e+00 -5.070031819451260802e+00 3.389142856631861100e+00
-6.561655967425493508e+00 1.285617941565199374e+00 -7.946353175371550392e+00
2.054584525191139210e+00 1.844272141918308350e+00 -1.098998792761452137e+01
-3.013162229403567594e+00 -2.583695429461277726e+00 -2.307280623631365657e+00
-2.990666330130984818e+00 -1.757066765143967757e+00 3.810904888936011981e-01
-3.974557769166292776e+00 3.315562741374495914e+00 7.343472789673684886e+00
2.966629490885506204e+00 -8.243994753585912605e+00 6.827399731997942034e+00
1.875966391099090358e-01 1.422659475762083403e+00 -4.748173212206994620e+00
-8.871990336949105327e+00 -8.483159858158145994e+00 -4.348893072691883077e+00
-3.193348699249127787e+00 5.145369718868000319e-01 -1.756171559304578134e+00
-3.285907966304602024e+00 2.327900889355342784e+00 -8.325156109963069984e-01
-4.450520940582299190e+00 -8.779768290371503525e+00 -9.576960146701088306e+00
-3.178925247394895681e+00 4.799593677517631107e+00 -1.814240637978444592e+00
1.271599489740365296e+00 -4.440367793996636614e+00 7.581919930043654610e+00
3.710661023517732193e+00 4.208728660757881102e+00 -1.070435228063226063e+01
1.242952440433346339e+01 1.300672778884123915e+00 -1.099986411660987651e+00
1.119648222946903138e+00 -8.747489249519968979e+00 7.626461829562879657e+00
9.120974970697041107e-01 -1.623936253962924070e+00 -1.104038949057171592e+01
-2.658318599204987809e+00 3.595315776421038834e+00 7.741046232723822307e+00
-2.089299109677826838e+00 -2.610623435637112522e+00 -3.632414046118778383e+00
3.076134862505517931e-01 -2.970090370088105836e+00 1.303176757357025872e+00
-2.943794534702960597e+00 -8.217731255978922178e+00 4.744793534984723116e-01
-1.694956456315793725e+00 -2.618454682590467542e-01 -3.960571121713465814e+00
-1.530850370752466993e+00 -1.249468523542605070e+00 -1.074556570513150078e+01
1.197319627878578707e+01 -4.376941307144439186e+00 -2.929636423547716362e+00
6.094831850500812997e+00 3.028986922841903962e+00 2.823272735941542599e+00
5.599859333490039504e+00 4.448338091609169709e+00 -1.987565092215642260e+00
2.553687779026130311e-01 4.548182400614585674e+00 1.361669746134199332e+00
-2.251261722632846851e+00 3.367146705471066426e+00 1.321877742916019338e+00
-8.731108024441470050e+00 4.894471941789504399e+00 2.664389551979936765e+00
-3.288099507855162695e+00 -1.692185733980188900e+00 -9.175445645890617508e-01
1.213899236813089999e+01 -2.153532337447767731e+00 -2.389766815192037264e+00
-8.526688581692837943e+00 4.362303347692577660e-01 -5.165871749714654904e+00
-4.910386454853624016e+00 -5.866287987390492731e-01 6.904082325473513748e+00
-9.448850014918571460e+00 3.517370157364835492e+00 -1.729292071567148259e+00
-2.397262815469866748e+00 -5.785552156116545497e+00 1.195715568382223815e+00
1.164601644182998541e+01 3.353956758363745294e+00 -3.801745243178666467e+00
-4.987972773619249622e+00 -6.980110329769484423e-01 6.861090138783516146e+00
6.250105231826132979e+00 -7.178182604143580114e+00 2.176801621732893377e+00
-5.533167032483037318e+00 -4.699716579609207301e+00 6.527509454717249859e+00
-9.452741567802842582e+00 -8.833980445525227765e+00 -1.677186851924779010e+00
1.224217890710765921e+01 4.793161167194043060e+00 -1.999829022846243642e+00
-4.993438625049959612e+00 -1.958554504838193822e+00 -9.236603786221481371e+00
5.310418389984260301e+00 2.206925295604230897e+00 4.547317726599801269e+00
-5.846451004527025042e+00 -7.560745909826630751e+00 -8.599268768847640132e+00
1.007988578457768014e+01 2.338058643847535478e+00 -6.499519809671070014e+00
1.162719593574103882e+01 8.857926258253989715e-01 -3.846388584369929031e+00
-8.997472550236386368e+00 -3.726354455640716878e+00 -3.989001477536720852e+00
1.103132062131641433e+01 2.990958342506125689e+00 -5.059697981009734669e+00
-2.383180730085615373e+00 -9.604495382541220039e+00 1.208757947486538864e+00
1.104027511862108790e+00 2.158299961727493610e+00 7.630847613107459182e+00
1.244603161532393720e+01 -7.743746633447077699e+00 -1.000347102756283357e+00
-9.357184028943990484e+00 -4.286637150534676977e+00 -2.502892130608976640e+00
1.215206364170451714e+01 2.631783847035629620e+00 -2.343094491815944647e+00
5.619195228828419708e+00 -2.969602603075445657e+00 -1.004032906619784526e+01
-1.920523922343367218e+00 -5.898893921039406685e+00 7.862395184584601182e+00
-2.946584248568068443e+00 2.970835643825799011e+00 4.691512163940003699e-01
3.718459612694585914e+00 4.995765099291958222e+00 -1.070239413152600783e+01
1.254241588559360210e+01 -1.668524415960588314e+00 -2.653012784884594688e-01
2.657507420723289604e-01 4.171485948236419716e+00 -1.101648772427284761e+01
6.421753422069630624e+00 -6.289778473852035034e+00 -9.640125570167585423e+00
-4.628797466856180876e+00 -8.062608772727575257e+00 7.051334065458094713e+00
1.175434442491299514e+01 -9.073804832367997619e-01 -3.534556071200590122e+00
5.784054142062003301e+00 7.551026608785171845e-02 -1.628048621290435927e+00
-8.874464975703498126e+00 -4.627559229507392402e+00 -4.342208036746494138e+00
-1.946961688245244959e+00 7.359793389199431601e-02 -3.760536713358125116e+00
-8.482215777301375326e+00 1.584775876034589359e+00 3.196203107355951811e+00
-8.477019229466735695e+00 2.782722504778101680e+00 3.206411180904102043e+00
-9.298523228341583291e+00 -1.585930426969206053e+00 8.313244922120728297e-01
8.193091944983576624e+00 -3.947757006814044622e+00 -8.444455723223819987e+00
-5.145267706289469167e-01 -9.568259855299915628e+00 -4.571443843992527789e+00
-8.244384700899017870e-01 -6.953567296980303070e-01 -1.088883818051320240e+01
-4.597833391912191203e+00 -6.805537577366338908e+00 -9.489138451272506103e+00
-3.329796819215671277e-01 -9.781830014981771626e+00 -4.628611539282069920e+00
2.988934421871286773e+00 -1.151234697180504085e+00 6.813871090326641067e+00
-1.279612257569601452e-01 -3.437876169644064284e+00 7.869200898806774092e+00
9.743390264048173321e+00 -4.776167994650494464e+00 -6.917034353665637347e+00
-8.242436461812584270e+00 1.754795191117146658e+00 3.637060346239513908e+00
-4.687312010183829480e-01 -6.686994965818975345e-01 7.899355498715290302e+00
7.283194216708282376e+00 4.242809354864631288e+00 -9.117790329059607402e+00
5.138795949456110845e-01 3.898814377422416655e+00 -4.791747171593131682e+00
-7.228868989386615596e+00 -6.126334175515625091e+00 5.045328854167383525e+00
-5.226929182969217713e+00 4.700488629282155273e+00 6.721831878564866969e+00
-7.255162329252869746e+00 -5.068725845687376719e+00 5.015351524334310973e+00
-8.385497853307386507e+00 -6.397815718327104051e+00 -5.450328384865177789e+00
-3.285921862902581481e+00 -8.066804171340262286e+00 -1.087462230433642540e+00
-9.624428661033976873e-01 -7.721459597315584844e+00 -4.392481319366951631e+00
-1.414726049341569480e-01 -3.868788279517811901e-01 -4.680031398270283916e+00
3.229842027404695060e+00 -4.814990750142051468e+00 -4.276619246707752175e+00
9.355997909545957114e+00 -2.890575396056914492e+00 -7.353941291079259202e+00
-6.834063058319749473e+00 -7.415201931975552441e+00 -7.662380493053288610e+00
3.945505667505920577e+00 -9.386970756002817495e+00 -3.846823334742842437e+00
2.258698655896583585e+00 -5.821144914520620439e+00 -4.644936625377839690e+00
2.873531444856574080e+00 -8.669461993644166142e+00 -4.437926577798275929e+00
-1.487405028854115185e+00 -3.088318479509113423e+00 -4.103374156671470097e+00
4.790104648964478073e+00 -4.535952084278868313e+00 -3.104482606861242555e+00
-7.787116573341997139e+00 3.559224294404792488e-01 4.342497491697399958e+00
-1.983465844018088120e+00 1.991155983635639615e+00 1.507908332719472666e+00
-8.577193390337122025e+00 -8.773614520766921387e+00 -5.058241661466969852e+00
8.002878569180486679e+00 3.813086007977197767e+00 -8.596740169265384424e+00
-3.103641102609227875e+00 -5.846835277791944563e+00 1.116097150096521107e-01
3.200579796542908806e+00 1.223895355754875069e+00 -1.081972699070142419e+01
3.417716932924917739e+00 -6.859760149949345021e+00 -4.178229577480088608e+00
1.559134126757621086e+00 -2.732155222134680095e+00 7.488104587532828482e+00
-8.870977623299598491e+00 -4.466295406453413719e+00 -4.351624550941439296e+00
-5.455857673770531768e+00 1.212064072006347359e+00 6.578310707440666150e+00
-1.785818365419637566e+00 -6.213445834839689041e+00 1.613577384835172879e+00
-3.956634355584643270e+00 3.428102565307989735e+00 -9.848486989075555087e+00
-8.148576406403963190e+00 -2.018297721020265278e+00 3.794939459765259926e+00
-2.317834887061128057e+00 -3.288814497648180790e+00 -3.398759643311772827e+00
-8.877315097565253055e+00 -6.362942445479054854e+00 2.302351869752078617e+00
6.337737021116447877e+00 -4.340737553430660256e+00 1.533061083399637425e+00
-3.702834248426211117e-01 -5.168812516252325295e+00 1.741380686708609682e+00
5.057906515050476948e+00 -5.087539717331280187e+00 -2.794300014723662962e+00
-1.546560557187809382e+00 3.357909211098423441e+00 -4.064508365786069888e+00
-9.363833659055448067e+00 1.865347871673446178e-01 -2.460687358919810386e+00
1.864436637558006371e+00 -2.523367016064140600e+00 -1.100657998203281096e+01
-3.132527915715740630e+00 -1.943401872721782553e+00 -1.978173547211433680e+00
-9.431267420616563868e+00 1.181592112764949576e+00 -1.929100759255895747e+00
-3.232028016355635192e+00 -8.086295458066544484e+00 7.597298086645220216e+00
6.136708200149233683e+00 -4.553765554020473338e+00 2.674491975484038164e+00
-7.886705739901090695e+00 -1.438325429966321067e+00 -6.308647631369583841e+00
2.607547259996149780e+00 4.797728731894695287e+00 7.030877491255617784e+00
-9.167948923662082805e+00 -6.441598123960083022e+00 -3.407174445816468555e+00
-2.592815957455131048e+00 -7.707112912235019486e+00 -3.057801374585264131e+00
6.224077243639858814e+00 -7.589779401106664380e+00 -3.177264891937365276e-01
3.560450564674302321e+00 -5.723572469592293821e+00 -4.096910460738558690e+00
2.599950234260277604e+00 3.451481369396377730e+00 -4.540739979984615537e+00
-3.253172898162145277e+00 -2.132329156446179930e+00 -1.444600762644046243e+00
-1.570258915246944387e+00 4.735679253629095697e+00 7.895666926656152995e+00
-2.039231142702814470e+00 -4.032166014313875557e+00 -3.678859961663048850e+00
1.214259744249335071e+01 2.982606888409703672e+00 -2.376964835508370566e+00
4.037862598497079958e+00 -6.131457594325902427e+00 -1.061708601052236745e+01
2.409728154859927418e+00 2.964829886646569435e-02 -4.602031765776932737e+00
1.089860653873492069e+01 -1.648556604791053815e+00 -5.289758893825953656e+00
-9.473362722248429790e+00 -5.800313595095737185e+00 -7.217039448999804652e-01
3.057452966727529642e-01 -7.194343771637149665e+00 -1.101907315767416584e+01
4.630957244764264402e+00 -3.618453420753747984e+00 5.446798257294869217e+00
-7.975656381744570034e+00 -6.363854013773796225e+00 4.067864712644809089e+00
-1.867405193909916106e+00 -8.406993633755117656e-01 -3.827153293952176405e+00
6.025212715256114571e+00 -1.281426678660816165e+00 3.045574131867125445e+00
1.100631138531599218e+00 -2.782898472177738114e+00 -4.812961047156372629e+00
-8.876531169089918905e+00 -9.222646947663596606e+00 2.304418912422875110e+00
3.892926558540114268e+00 -7.983779845915385920e+00 6.164376680380962981e+00
-3.162747067363095077e+00 4.849403485849178352e+00 -6.931946218145278171e-02
4.700612894915812134e+00 2.148116687819522141e+00 5.367338003636517030e+00
6.330552719644535031e+00 2.225408333589395937e-01 3.678895147251389219e-01
-4.252805837993106075e-01 -1.065418890882336100e+00 -1.094849341844855140e+01
-6.041417327257078362e+00 -3.822386287790972226e+00 6.161948027477621714e+00
3.105254862636090518e+00 3.942937163717386895e+00 6.741547352058391063e+00
5.055739561702315754e+00 4.475403659997688521e+00 -1.027646130182711204e+01
-1.232928211029993060e+00 9.630121280546646290e-01 -4.255363534381555901e+00
1.124207363776844382e+01 -7.281504007515097854e+00 -4.668250845956072759e+00
-3.224644784572620715e+00 1.116809739350886233e+00 -3.198994565096778819e-01
-9.477183692385990454e+00 2.627431651374081412e+00 -9.487608334772416052e-01
-6.721579674685491945e-02 1.929009677898353203e+00 -4.697600563340015078e+00
4.524219212706606541e+00 -7.545160857014431954e+00 -3.372113681438626109e+00
1.892571365344475565e+00 2.218620803470731317e+00 -4.728423490171864252e+00
-6.959806156780953046e+00 -2.154018628463210128e+00 -7.523618340376122759e+00
2.413718988773803975e+00 3.158008112196624140e+00 7.130091124862169671e+00
-1.438689264522007016e-01 2.248991592073656065e+00 7.870943341332875320e+00
-3.796634996241373017e+00 -4.345833558626386761e+00 7.411542884316387081e+00
-5.465525526197222206e+00 -5.479331887537869150e+00 6.572023577675587980e+00
-1.410000872786469905e+00 -2.459194148612812825e+00 -1.077356202937880880e+01
5.899309071531681603e+00 3.493618599118526902e+00 -1.366642413618719409e+00
5.289588096424909791e-01 -1.846707083290171525e+00 7.768003243162007188e+00
9.860510299578528759e+00 -6.364300612901185872e-01 -6.776036806670473922e+00
-1.735846749240113951e+00 4.097481854202126073e+00 -3.930220698130884038e+00
-8.583583335398746073e+00 -4.976415780143708112e+00 -5.044381006164313064e+00
-1.065555160391122858e-01 1.910377839054438809e+00 -4.688454980366143943e+00
-8.819812845101303367e+00 -1.998083620355176393e+00 -4.486520499441487786e+00
9.197980732242269752e+00 1.828958168367961434e+00 -7.520306456374883375e+00
8.840801035185903434e-01 -5.324168983066776661e+00 -4.813516317546199907e+00
6.263038094919517462e+00 1.159194388590155000e+00 -1.191047797490097093e-01
-1.535141619567068627e+00 -1.451654726930252437e+00 1.714225788813374063e+00
-2.497215788100714817e-01 3.151484551426241509e+00 -1.096997213943766702e+01
3.550693782383481878e+00 2.318859570080192611e+00 6.435212365282525049e+00
-2.122529789297372460e+00 2.696784376017772544e+00 -3.600712560146619001e+00
-1.003226430223442378e+00 -4.040690641594490984e+00 -4.373298450272149474e+00
2.504649850934332012e+00 -7.751238589768393084e+00 -1.093757590790898782e+01
5.804589904448858917e+00 8.337885258959936152e-01 -1.583876671547899351e+00
-3.479378779958133716e+00 -3.827855067205412354e-01 -1.007956028932916404e+01
-5.267990590829786157e+00 -1.859133349786057821e+00 -9.046116353507425600e+00
6.304146809609506796e+00 -4.814560097441208164e+00 1.422905567555061424e-01
3.209521815702905290e+00 3.626758420004424721e+00 -4.286692397882684524e+00
-9.454224097343876920e+00 -3.987228748545401658e+00 -1.656256719271602895e+00
-5.420537115458565758e+00 4.209250094177230395e+00 6.601121843106326104e+00
1.019166562398088338e+00 -1.206552519748042229e+00 -4.814310173619140265e+00
-7.899490140069785227e+00 -8.281864684802826559e-01 4.181482229091824543e+00
-2.029691886797684308e-01 3.081858634162271571e+00 1.678883291813326961e+00
1.100754175390942358e+01 -1.523002246161865969e+00 -5.101788292953608028e+00
-5.092592626010911339e+00 3.837490717659434836e+00 -9.169306895465203056e+00
-4.382165716891839757e+00 -7.711914356286079908e+00 -9.616614385278062116e+00
-9.476784360798184537e+00 -8.992743042571618162e-01 -1.092871608064783562e+00
-2.651210960770807201e+00 1.046663534370843252e+00 7.742552000694406189e+00
1.109433800790273672e+01 3.883527693601644515e+00 -4.946209557383977717e+00
-4.649786617857895266e+00 -8.301429312388670212e+00 7.040822701609730672e+00
1.241380630921576866e+01 2.583471296689012320e+00 -1.190504692858949332e+00
-1.206977591202036404e+00 3.812628239260584806e+00 -4.269560474711878939e+00
7.770985995251097123e+00 -2.217429143108918588e+00 -8.773842036280989021e+00
-9.390317251403164533e+00 -4.014959441948046326e+00 -2.278687386226331935e+00
-2.881531126510526786e+00 -4.972041375311485822e+00 5.868472982058910992e-01
2.939859504114644473e+00 -9.930519654930957785e+00 -1.086916560603756921e+01
4.079502432070075457e+00 -4.027469596135849983e+00 6.001811242421364767e+00
-9.004436715578535200e+00 3.797834246191406748e+00 1.944796020475240583e+00
3.273425858943253886e+00 -4.795701971556584731e+00 6.631549619109020632e+00
-2.184584890832221404e+00 -3.216730886652892529e+00 -1.056830723820960216e+01
5.638653157284916340e+00 -3.213407258009598699e+00 -1.916706173556686377e+00
1.832709901959278173e-02 -7.354195202406650367e+00 -4.716239307931524571e+00
-7.546554748435977622e+00 -3.716118257431781480e+00 4.663538960908240938e+00
1.026602420143472116e+01 -4.564091513250502885e+00 -6.251033610496834925e+00
-9.467113741424109108e+00 -5.160356812070450161e-01 -1.434083261510648022e+00
1.904229621251396498e-01 -4.693941974934112693e-02 1.425318489840409875e+00
2.949567170933188986e+00 4.416054762041827786e+00 -4.406173680062049236e+00
6.415620540261166571e-01 -3.780638144094644382e+00 -4.802527993108936855e+00
-3.168242854573830147e+00 4.953113777689210906e+00 -1.854755123904462399e+00
-7.730228584136785486e+00 -1.069224740199343771e+00 4.421201576915504639e+00
-3.233828048539143296e+00 1.249407055987667547e+00 -3.669453577303151692e-01
4.979522697993461477e+00 3.470814341610706677e+00 -2.889864416722583318e+00
4.724371150777034067e+00 -7.139684190045000989e+00 -3.174062193204692406e+00
-1.775485779724337077e+00 -2.918995823350011065e+00 1.618438274518755549e+00
-9.442557968269023050e+00 -9.014370408574714943e+00 -1.850285710896858449e-01
7.837346377257602414e-01 -3.200667478779585906e+00 -1.103866715142818045e+01
-8.623926292737547072e+00 -3.388558795926577716e+00 2.904528784180439693e+00
-8.042204412870546104e-01 -1.605395030376731924e+00 7.914492743844206757e+00
1.171283762173494392e+00 -7.271078042570932709e+00 -4.810680968417255343e+00
7.245040001838761512e+00 4.191731932004490346e+00 -9.143146389452855516e+00
1.344723450185472791e+00 -5.938829902846693543e+00 7.559256787361983143e+00
-7.968611092582520428e+00 -3.868987433528554121e+00 -6.180418179637365839e+00
-8.372391659674655040e-01 -7.657711039507145045e+00 1.818758692025264745e+00
-3.770835202098984595e+00 -1.161408713477296573e-01 -9.941961801015512634e+00
-9.875957410696776240e-01 -6.670417571005758717e+00 1.817548426328517763e+00
5.863937037678096154e+00 7.839115398092566522e-02 -1.450555648132933806e+00
-3.391677848967396547e-01 -8.438371270231392884e+00 1.731337222028454415e+00
2.710193837480384005e+00 -7.321830069184995793e+00 -1.090745315967507345e+01
-7.579520654028943483e+00 -6.427258284299101732e+00 -6.754879747022122238e+00
-2.700182068499794585e+00 -6.352417135008188609e+00 -2.900374479097757252e+00
-3.317701667753937489e+00 2.835447021594285744e+00 -1.015128946854760272e+01
5.026201223597031920e+00 -4.042247055723177773e+00 -1.028787477213572821e+01
-6.805622962931384023e+00 -6.925235568762685645e+00 -7.693066498713085899e+00
5.902326127530260536e+00 3.445037277816796362e+00 3.384461603317264533e+00
1.969753966804870249e-01 -8.717372037182979483e+00 1.419289314118008072e+00
4.873776813823927689e+00 -9.602016941892705049e+00 -3.012371349697069434e+00
3.197823631888375040e+00 -1.254376585454616944e+00 -4.292442139173161308e+00
-2.440038266100247544e+00 3.390075666154622525e+00 7.784273302501889091e+00
4.066185981917863401e+00 -4.872739724531860439e+00 -1.060903599549311949e+01
6.356508317367700833e+00 -4.304613877490996110e+00 7.492052967394003948e-01
-9.400475408407817923e+00 -5.979045387656856114e+00 -2.201522904100440492e+00
-8.697955488905529720e+00 -3.858825217131393259e+00 -4.786148267501230791e+00
-9.300685652940057224e+00 -3.458102062970249690e+00 8.203919533526603525e-01
5.863066805545065208e+00 4.226799604432351032e+00 3.482042006529513234e+00
-1.593192565631552926e-01 -7.898302363503211687e+00 -1.097990942960242755e+01
7.679852501372812057e+00 -2.688532026257295371e+00 -8.840974565690883580e+00
9.234258718158031343e+00 1.997828839209727647e+00 -7.482679430194359327e+00
-2.735385013948992139e+00 -9.662960375198238694e+00 7.724292461271653032e+00
6.341423808333552792e+00 -1.875486780086996319e+00 1.488009429284665508e+00
-8.382679311670784728e+00 -6.131684718501965392e+00 -5.455782105246960612e+00
-9.995576840393408102e-02 2.523953551989487565e+00 -4.690014711721664398e+00
1.240768242815499711e+01 -2.114647265459712600e+00 -1.224736005787988580e+00
2.470569452673210264e+00 -5.915390102209466150e+00 -4.583316783996791877e+00
-2.265881298120995535e-01 3.714482098407485111e+00 1.689022514503128569e+00
-1.680234217814856823e+00 -1.352252867286196647e+00 -3.971311958042743839e+00
6.293691306484677561e+00 -1.687329962263099503e+00 1.914814751994201592e+00
-7.641023241304070623e+00 2.446127055608023682e+00 -6.669553833296602008e+00
4.794877447235708523e+00 -9.835062570122792280e+00 -3.099337177839961210e+00
-2.930651117854617960e-01 3.500279627721576858e+00 -4.640067360698767018e+00
8.022288417284196171e+00 -1.038803467445376327e+00 -8.581496270416772987e+00
-9.264080678184429374e+00 -2.444988180616824991e-02 -3.001104924310297850e+00
2.750956877050207527e+00 3.716179188874397354e+00 -4.486174155540200381e+00
-2.231915598883590590e+00 -4.252922076257537931e+00 7.819727834637276054e+00
-8.431584427584301267e+00 -9.295510498374174091e+00 3.294325959330806075e+00
2.051554468083091276e+00 1.070504246395556081e+00 -4.695693916146553626e+00
-3.216705685613583832e+00 -9.527183580041764799e-01 -1.651619232714331087e+00
6.213738396995885260e+00 -4.160565789370352263e+00 -3.652856103447376102e-01
6.023619880455411746e+00 -4.664909253025762759e+00 3.050359181435334133e+00
-3.550800815725932313e+00 -5.543174265652374366e+00 -1.004683988392904759e+01
-9.452390854731371306e+00 -2.859243967013505028e+00 -3.087763270358990231e-01
-7.039735184545463653e+00 4.052446089871370560e+00 -7.432689836398486349e+00
-2.556262579561467074e+00 -6.775894321138649090e+00 -1.044742410071489758e+01
-1.339884170566585153e+00 -6.066039335502623864e+00 1.768884880967384943e+00
-9.345028195669289772e+00 -9.228612797736245099e+00 -2.577089102734336112e+00
-7.447198831511270711e+00 -1.047357266246661922e+00 4.787718196678837579e+00
4.035263908699673330e+00 1.563683056187329612e+00 6.041384344722222188e+00
-2.348857941419660644e+00 -8.872933273962868128e+00 -3.363954188669932233e+00
-2.882895534096945767e+00 -2.567630256907023067e+00 -1.032859489903141537e+01
-5.619828889011520445e+00 -3.477589920943806590e+00 -8.782122317657039545e+00
6.231387051150549361e+00 2.286534765112996581e+00 -2.829573923016316384e-01
2.671006425937090700e+00 4.204470628164020951e-01 -1.091349716225601441e+01
6.313883491229708156e+00 -1.146539996963692687e+00 1.763607883123532005e+00
2.259781099166762175e+00 -8.626268900100487969e+00 7.203894944717843529e+00
1.037990724752907923e+01 -7.947720536215578946e+00 -6.092116147749642607e+00
1.164067579540336439e+01 -3.309913405630664052e+00 -3.814463964425278686e+00
3.460669695821391834e+00 -1.871485789324628612e+00 -4.154369454497123471e+00
7.963344203395093857e+00 9.833732961434176190e-01 -8.627585416390184392e+00
3.228533849240815989e+00 -1.182494993392388949e-01 -1.081404644243786528e+01
-5.375223384120634051e+00 2.737934773479789641e+00 -8.968104973615405484e+00
6.278957318331524817e+00 -2.658625545352892416e+00 -2.620418547476359092e-02
5.504235755376344130e+00 4.815020119949705801e+00 -2.152994110061815736e+00
1.144193666237598173e+01 -9.408597829472411078e+00 -4.261685210799191381e+00
-4.496114884467502293e+00 3.878724761234987994e+00 -9.550126501415221014e+00
3.135585138641409308e+00 -1.480821541710557909e+00 -4.322432344673830862e+00
1.029592022208630020e+01 -9.490810321213016820e+00 -6.209842516261282697e+00
-5.042193297462252310e+00 -5.539764889411738835e+00 -9.203721039638260493e+00
1.069220521268167978e+01 4.565873677480515980e+00 -5.625970478212456882e+00
1.144889076423029906e+01 -2.886786750138043089e+00 -4.246820859985083629e+00
7.262016515605657752e+00 2.668240978026055643e+00 -9.131891107605506264e+00
4.866498002427051439e+00 2.433732112260159397e+00 5.167932290012596575e+00
-1.810807869724969432e+00 -1.055951822769204185e+00 1.601557457705795606e+00
5.829640367253362321e+00 -8.191496713340818303e+00 -1.528670308809799927e+00
-3.281295054833494707e+00 4.443316381720965325e-01 -1.176887965256762758e+00
3.690522523559057966e+00 8.715015729314217197e-01 6.328581714310841377e+00
-3.204487707406770358e+00 -5.270644932540845318e+00 -2.278556422217795363e-01
-9.055489384600020841e+00 1.860847472584453044e+00 1.786382417801004152e+00
4.883804010679150487e+00 -6.116293534448633551e-01 5.146244852124695512e+00
8.749948492905174291e+00 -7.620521772654313963e-01 -7.959045137681546755e+00
5.921825276739848043e+00 -9.633988276651930249e+00 -1.311286051412076992e+00
7.783853731109442897e+00 -9.680958837244192594e+00 -8.764252843024427975e+00
8.072715683959367894e+00 -2.065942989591819767e+00 -8.541581419139173903e+00
1.126832914718368528e+01 1.981748536604980515e+00 -4.616967107674727622e+00
1.255232489891481151e+01 -4.739322768224347726e+00 -1.630271791929323588e-01
1.234926987109030011e-01 -3.971036295861367194e+00 -1.100610140602688247e+01
-6.546449827038755664e+00 -5.874180517244482758e-01 5.737849353903896166e+00
8.009019969991806320e+00 4.761252037989427421e+00 -8.591924055829700535e+00
2.092783073672913885e-01 -3.733498267489993694e+00 -1.101258721906621751e+01
-2.434753153988781005e+00 1.063734523833371526e+00 7.785242954770207113e+00
6.078164484140553547e+00 -8.342888303029079466e+00 -8.729788106263868253e-01
2.710872625415062132e+00 -5.691415125188774127e+00 6.975016568666962513e+00
5.805655637668737157e+00 -6.495883734251350461e+00 3.617383791153561123e+00
-2.179723465465486676e+00 -9.731890978998793074e+00 1.376915280311010292e+00
1.245161785973879454e+01 -3.583402993962065075e+00 -9.654432099950972512e-01
4.949435316795693929e-01 1.947092403960475337e-01 7.774667992439184161e+00
5.378351576641454912e+00 4.249417759253379501e+00 -2.353424490754864262e+00
1.640919166439716470e+00 -8.658834965316106747e+00 -1.102188784782431519e+01
-2.138328774547877842e+00 3.186774613432470815e+00 7.833853652698419268e+00
1.146444573833974090e+01 -2.988977331251954084e+00 -4.213381671956793362e+00
-8.997566447522862276e+00 -7.494490808618872180e+00 -3.988714325259230975e+00
1.249141726009437114e+01 -6.524924479248348952e+00 -6.953924000933596750e-01
1.139689429025847467e+01 -2.553002651144726798e-01 -4.356722989758109676e+00
-9.127627141412787637e+00 -2.309672334752371547e+00 -3.557579330723334099e+00
5.851038915524414463e+00 -7.352079519917376516e+00 -1.480290590346234669e+00
5.474189223720446584e+00 -7.203426067836182334e+00 -2.202507410566219015e+00
1.105338062860205861e+00 -4.748121112499048557e+00 -1.104016636596379364e+01
-3.000787609752473717e+00 4.536539452112169357e+00 3.597541994893117545e-01
8.621807138259732994e+00 3.916284247928194517e+00 -8.076280989932456578e+00
1.252790323671790418e+01 -7.391571261707690965e+00 -4.014803762886348659e-01
-4.448502003134592320e-01 1.373577135561369289e+00 7.897730045893725404e+00
-5.133721550569632086e+00 -7.691561404902174104e+00 -9.140901133055713501e+00
3.943252236680018452e+00 -6.633391422450090502e+00 -1.064340006827274188e+01
5.608470043610741307e+00 -1.945383656598796307e+00 -1.972035707241597935e+00
-9.371643692127300085e+00 -1.298706882432831833e+00 -2.409484583004325220e+00
-3.004258193852437753e+00 3.161912939455705285e+00 -2.328401810906471692e+00
6.355925368479879545e+00 -8.057276180757938278e+00 1.242614299982956805e+00
8.909412348248622493e+00 4.334772473446300012e+00 -7.808190762105403415e+00
7.267624089342198168e+00 2.142741120873171923e+00 -9.128163917603220767e+00
-7.461339293147943863e+00 -1.737139440862909723e+00 -6.913760346354282937e+00
-3.130919457982103360e+00 -3.873201803939519294e+00 -1.983366300752223976e+00
1.391815776746975208e+00 -6.103693243595106566e+00 7.544233591786604798e+00
-3.233648511426598926e+00 -2.561863973818438112e+00 -1.018731773878223912e+01
-3.242975282106477231e+00 -6.697251970752829742e+00 -1.510435946032329557e+00
-5.935883795894879356e+00 -8.858037107645497343e+00 -8.524152906652632922e+00
6.529805520824201182e+00 -2.572802094790384686e+00 -9.580127762318646489e+00
-6.588175323513226544e+00 -1.113883230107235889e+00 5.699748791451452412e+00
4.613548664577926672e+00 -4.782861881467104226e+00 -1.043760350713720264e+01
-6.247302854665011118e+00 -1.514020540063134135e+00 -8.248589351822536386e+00
6.350362943077211497e+00 3.179449795327370154e+00 1.356578320209387734e+00
2.514910298460259153e+00 -1.232224801236174727e-01 -1.093616459957590337e+01
6.486566630117454935e+00 3.009413014397035013e+00 -9.604318621553655788e+00
-4.304679322372245487e+00 2.555199925455081456e+00 -9.660741874847309063e+00
-5.038832897285403511e+00 2.021115764045067209e-01 -9.206000301805373098e+00
-8.861097398976529149e+00 1.290749593364617809e+00 -4.378144148128974678e+00
1.441621996645125581e+00 3.213061387983927375e+00 -4.792456608312806843e+00
7.894161180989353710e+00 -9.561290754481612808e+00 -8.680911861347896163e+00
4.698632108064691337e+00 -8.066951987898322685e+00 -1.040819919519895720e+01
3.982875026681270914e+00 1.152623844374115691e+00 6.087409533125191174e+00
1.613991030978874974e+00 2.269505361785933317e+00 -4.772967440998582056e+00
5.167435859658473518e+00 -2.387983993587456943e+00 -1.023244687049062485e+01
5.390179641061201288e-01 -5.694428002376308307e+00 8.472756788619260071e-01
-8.907095153255600195e+00 4.717792670411352418e+00 -4.252628597806084265e+00
-8.442582424360068671e+00 -6.102946284037603419e+00 -5.338051618190896797e+00
-8.363372778068390190e+00 -1.900219304262167341e+00 -5.492919389278114295e+00
1.126021877635122959e+00 -8.395290417595624888e+00 -1.103994218451958353e+01
-3.623597545759605909e-01 -1.881001319858345511e+00 -1.095652338939851589e+01
1.199350980660305943e+01 -4.871917509419708914e+00 -2.867982641322248671e+00
-8.413688975815899695e+00 3.980421582650262025e+00 -5.395320467723739633e+00
-2.557923630247619595e+00 4.058427308546766810e+00 -3.105594001527136605e+00
-5.652031701296711397e+00 -8.982444113422420884e+00 -8.756774342405041267e+00
5.647655591782637430e+00 6.225813296792246376e-01 3.953510823951275732e+00
-3.237914936176786718e+00 -1.267443097355901216e+00 -3.892140141857015623e-01
3.303962830936824968e+00 -6.862672334878432423e-01 6.610861719203495745e+00
-2.415393031284405190e+00 3.073052092285644576e+00 1.178630118448876329e+00
1.222475570183306637e+01 4.533167829285371653e+00 -2.069435735697721768e+00
-1.251765224146225597e+00 -8.048706398040520682e+00 -1.080802276594996947e+01
-5.795893733893205946e-01 -9.631196253117977335e+00 -1.092722291206035479e+01
-5.493695586690785504e-01 -5.145846712756881658e+00 1.786562149106724284e+00
-7.043173946509202032e+00 1.556111267116898844e+00 5.249489544755539860e+00
-5.933670252078879770e+00 -3.311459404348775060e+00 -8.526032971950515460e+00
6.298530375786677737e+00 4.956867502365668088e+00 1.880932295941442733e+00
-2.810448150011342516e+00 -3.229194635054867923e+00 7.707219660517031556e+00
1.841763709081705169e+00 1.922143231248940154e+00 -4.737757339924798750e+00
-5.285131871571042694e+00 -6.688455808168594530e+00 -9.033785888352182880e+00
-3.223491456887004336e+00 2.074895311206965687e-01 -1.618084087246371983e+00
-7.496263050491797308e+00 -5.901107095026859817e+00 -6.867481958792051699e+00
1.165981474550574859e+01 -7.734131623286496726e+00 -3.768696761699081854e+00
-3.283567397217971529e+00 4.154238802513983586e+00 7.582200236722431264e+00
-2.307052148630830857e+00 -4.221107850387166849e-01 7.807572706914846172e+00
-5.522663248132005931e-01 -5.886771964769949683e+00 7.904466625028560678e+00
1.240166953022980501e+01 -3.859989905274354705e+00 -1.257821474222661440e+00
9.209361975898319841e+00 -6.550680911633707026e+00 -7.508537738278432627e+00
5.139759281013644987e+00 -9.532988756732329705e+00 -2.689799347359393522e+00
-7.629657825117071468e+00 -4.472104844143583335e+00 -6.685463466059034410e+00
7.414061978208131620e+00 -2.901851399626642625e+00 -9.029156592453770003e+00
1.211483106953682132e+01 -7.217117264453182912e+00 -2.474236454470791990e+00
7.689785516409131105e+00 1.648952791876126867e+00 -8.833723528224684429e+00
4.188422887747945689e-01 2.671748421753314062e+00 -1.102559155917956524e+01
-3.626674983538524244e-01 -6.066951755287686154e-01 -1.095648501898156724e+01
-7.247475999932881940e-01 -9.512107307631222142e+00 -4.494452277487925862e+00
1.053846763441629975e+01 -7.502452821889296075e-01 -5.861327790093806556e+00
2.445092398067271855e+00 -2.777164727311748571e+00 -1.094557675078466730e+01
-1.709190968934783950e+00 -8.122213116961743751e+00 -3.950092773693410830e+00
-5.795413719909157102e+00 -3.545411576508059603e+00 -8.641372034127163815e+00
4.459340632164952467e+00 -2.626081798878447060e+00 -3.432182502289879533e+00
-3.181356158641774901e+00 -1.270428971284017550e+00 -1.358010272724760603e-01
6.339403642733747013e+00 1.963386509557821569e+00 1.513174565911180380e+00
5.274458899678823087e+00 -3.171697763772981737e+00 4.603311786873007350e+00
2.905421453796296904e-01 -8.913296683081616933e+00 1.323112758187523275e+00
-1.477026472631796372e-01 -2.800917479243147490e+00 7.871358334834054560e+00
-9.272250926878790267e+00 -5.625061319360451506e+00 -2.962568113713619500e+00
-5.201213952723335865e+00 2.901835957838068580e+00 -9.093652397681944777e+00
1.126465300565175243e+00 -9.405717619774643268e+00 -1.103993695459506164e+01
-6.583514301504643562e+00 -8.426047323727377858e+00 5.704029728572767688e+00
6.151046391312616102e+00 4.799938899007196724e+00 -6.219687717375806946e-01
1.481559472474412442e-01 -2.516677698229658589e+00 -4.741312477890219590e+00
-8.873708028631556388e+00 5.369745581615585905e-01 -4.344254449080481528e+00
-9.398171745695533374e+00 -9.853437288712244779e+00 2.248234687730754078e-01
4.480946625686557994e+00 -2.234325349229328239e+00 5.610153364377209684e+00
-3.108899187184313906e+00 -4.740596031862288839e+00 -2.051844835901413422e+00
-1.508164297423902900e+00 -8.821322542674689515e+00 1.722981494529117086e+00
-4.989496100796490530e-01 -8.009263689354094495e+00 7.901307531396726702e+00
-9.458511176498479500e+00 3.419745370589861722e-01 -3.987791178804759862e-01
2.762697173358578340e+00 -6.997746336327848482e+00 -1.089913246419210324e+01
2.145506106314660766e+00 -8.431482394983996542e+00 -4.673819941256327937e+00
-8.272633153943578677e+00 5.971358973035165718e-01 -5.662559259768495501e+00
-1.373822508954407162e+00 4.043183693655347355e+00 1.760822471927212307e+00
-2.755725391210760655e+00 -1.880554970483942157e+00 7.829136133352572191e-01
-4.256420188393867043e+00 3.064536856191283576e+00 -9.687788001108231128e+00
-3.904583613148749688e+00 2.025921246046877400e+00 -9.875136214659722356e+00
3.717140006526649998e+00 2.222376706197684015e+00 6.307669617237160686e+00
-3.254558846365003255e+00 3.422249840907914731e+00 -1.434948139508845921e+00
-9.225648274938901494e+00 2.259466549437405547e+00 1.166077149315265293e+00
-4.754477747458242476e+00 -3.463345720521253668e-01 6.987287159844259854e+00
-8.689904858898479745e+00 9.738428263299780951e-01 2.758936361936603632e+00
-3.234869634473503286e+00 -9.094718740141543023e+00 -1.557597035988607548e+00
6.242515002586923600e+00 -7.606829798302174872e+00 -2.280024057690139827e-01
7.890386489724924957e+00 -6.711790189629335046e+00 -8.683797778215399887e+00
1.226960105362605979e+01 -4.946563123433397102e+00 -1.886625125482366938e+00
3.246923093514938241e+00 1.845477607137187448e+00 -4.268067354198373131e+00
-7.292130566927011337e+00 -2.527064253202915722e+00 -7.130483458835898958e+00
-9.347962264461356696e+00 7.880266740839569906e-01 5.613361264207377133e-01
5.777634835031107308e+00 4.945008740851129403e+00 -1.641664533613654386e+00
1.224971303085990115e+01 -2.451147047959469916e-01 -1.969186835724935802e+00
4.400736957817303008e+00 2.034236364693704502e-01 -3.484823533324474809e+00
-3.283777544670468451e+00 -9.540212466912908695e+00 -7.860793835983481692e-01
6.349741625588278815e+00 -3.060655648910255877e+00 6.102720842727503703e-01
7.667330604503770353e+00 9.075360464946200523e-01 -8.850092635267429841e+00
-1.787603193613145347e+00 -3.617599983278870113e+00 -1.068119785547640177e+01
3.300542149905107525e+00 -4.434418555230959846e+00 6.613190297852987953e+00
1.245071299916385676e+01 -9.398362128812763672e+00 -9.711403133359474138e-01
7.587549675566676477e+00 -1.319868871414099587e+00 -8.907593156460356099e+00
-3.757847385338449087e+00 8.788649062270472712e-01 7.425762841244846868e+00
-6.934767348487429039e+00 3.101348571224908923e+00 5.362898529796417790e+00
9.564370560659032350e+00 -3.674186096898168330e+00 -7.124321236176630379e+00
6.258095078379582787e+00 -1.114745071099566331e+00 2.133339992809455410e+00
1.014885145128107347e+01 -6.840067164915001108e+00 -6.409013877382988333e+00
-8.734311563901727027e+00 -5.265966986121917159e-01 -4.699653313023056000e+00
-2.515692508600479549e+00 -8.026484723091103390e+00 -1.046135074464974934e+01
-3.781316353104489547e+00 3.635487809984615737e+00 -9.936810060936062783e+00
3.070604238907722383e+00 -6.436850126141835382e+00 -4.352678352660171335e+00
1.218293628365687908e+01 -7.285345709357653021e+00 -2.229939065076968152e+00
6.747985806192262181e+00 -2.615832153279478156e+00 -9.454299212705107536e+00
6.244489917644937549e+00 3.061248519087671482e+00 -2.179726328718057105e-01
-4.251595734897426482e+00 -2.277739691054646798e+00 7.227981805500234280e+00
2.384912852481963608e+00 -1.105737228476089129e+00 7.144231980024425610e+00
1.833844617385558928e+00 -4.133776950223589708e+00 -4.739163305907390544e+00
1.214135125523230485e+01 -6.127998509483086664e+00 -2.381396158751982295e+00
-7.389085874462366199e+00 -5.122149036629576990e+00 -7.007789033299763659e+00
6.209159467342134642e-01 -8.036895089224753264e+00 -1.103433023039931626e+01
1.215008119694592104e+01 -3.193156879245410806e+00 -2.350218667282207630e+00
6.009112220332642806e+00 -8.897548790049810918e+00 -1.079891380752701524e+00
2.322510863900295153e+00 -2.203390771659734959e+00 -4.627422302082696781e+00
3.868558424703945953e+00 2.433250488239142584e+00 6.184792983378602393e+00
-3.172982338980510519e+00 -6.269285911185551896e+00 7.614145616878537304e+00
-8.901236583080491371e+00 6.016582532816876494e-01 -4.268912895151109055e+00
2.111031951111324467e+00 -7.485711755675234613e+00 -4.682066305762485392e+00
-1.784908269141728399e+00 1.046030225984607043e+00 1.614008084635836227e+00
-7.032793261251261363e+00 -2.880536863752791277e+00 -7.440673917123786119e+00
6.037313502587382530e+00 2.085052294250797189e+00 -9.841590304728780936e+00
-9.442120262741262593e+00 3.024069207698879325e+00 -1.811579730700159319e+00
4.763136627676701984e+00 -8.321205709034082076e+00 -3.133316209091537186e+00
6.334170237495745148e+00 -9.143697158660277324e+00 1.573352678437577978e+00
-8.835875785028733276e+00 4.049085384424422784e+00 2.409611772066097224e+00
-1.985757644400100164e+00 -8.168351289849598018e+00 1.506535592639066001e+00
-4.746063697397556069e+00 4.008125262918573739e+00 6.991658436714241809e+00
5.010210689035797138e+00 -2.391477869674113244e+00 4.982284597775234580e+00
-2.144060576780487448e+00 -7.774851985568666635e+00 1.402828216671450523e+00
1.243776939590259367e+01 4.476780446540683300e+00 -1.050845619099375350e+00
5.605494118692648797e-01 4.277176781348584811e+00 6.825502750697327592e-01
-8.168166796772679206e+00 3.018774417800331733e+00 -5.848660222436027567e+00
-4.924243806492534681e+00 -2.266059571311246579e+00 6.896481901843482198e+00
-7.054225706411867414e+00 2.963863191565607735e-03 5.237695814227558699e+00
-7.674686932386151628e-02 -9.550396151909831488e+00 -4.695418206615668666e+00
5.377769459816074793e+00 5.702114410497003405e-01 4.439137635302518703e+00
4.537405986105729205e+00 1.014864998737596835e-01 -3.359667606834877862e+00
1.215201375314075172e+01 -8.591489263158724299e+00 -2.343273975948275023e+00
-6.556968990132586050e+00 -3.343746710431433122e+00 -7.951051935555907946e+00
7.658979963915312439e+00 -7.342753158289211157e+00 -8.856159198295705082e+00
-5.352896135704520830e+00 2.571729344721653376e+00 -8.984520538279188173e+00
1.146051914219408552e+01 2.487204243446878849e-01 -4.221847879429277306e+00
-7.487603814140965319e+00 -7.322913969817932411e-01 4.737771727927788668e+00
7.707803512955809566e+00 -1.440853800417555064e+00 -8.820529482332693405e+00
-1.272359688079844897e+00 3.964230432604667342e+00 1.783152532474554297e+00
-5.549407212800873346e+00 1.477007866586976803e-01 -8.836842178794000802e+00
5.261886608617913907e+00 -1.167179465101426672e-01 -2.524005596469529600e+00
-2.562561909964147233e-01 -2.315053443776182718e-01 7.882316075126881039e+00
-2.349138494956620971e+00 -1.323204309544596669e-01 -3.363635680088449931e+00
1.256260114557296070e+01 -9.276819417091658693e+00 -4.628346630790074190e-02
1.229311353620210134e+01 -3.896380589156940744e+00 -1.785643204447786569e+00
7.825355559784077819e+00 1.735782260874101368e+00 -8.733137107268735377e+00
-9.455792642296326989e+00 1.076738138769897546e+00 -3.572176712686939704e-01
8.306715185499770726e+00 -3.937895175234505274e+00 -8.350335300508108460e+00
4.449486101511917369e+00 1.390078345377077085e-02 5.643144542107672024e+00
3.328214922927512198e+00 1.434277021649236872e+00 -1.079318781688582440e+01
2.545343008198611479e+00 -3.466250277806005364e+00 -1.093192163212872003e+01
4.095947698918946500e+00 -8.196864169440873482e+00 -1.060049127714748707e+01
-9.165588884674571446e+00 -9.913620092528176997e+00 1.405080908134175299e+00
4.582633668219026291e+00 -4.503076976929031972e+00 5.500546193601561384e+00
-4.393462147252503724e-01 4.320081003479323556e-01 7.897345044682838378e+00
1.629675727497130466e-01 -3.269595660662040437e+00 7.831479905628293103e+00
6.047864712829561284e+00 -4.401223125559898364e+00 -9.668495269659828084e-01
5.736387205777858433e+00 -8.902061143473344984e+00 -1.727090860642106707e+00
-9.212631191313843004e+00 2.319197832524366731e-02 -3.228034823529596142e+00
-8.836419174274581678e+00 -3.047589342991415151e+00 -4.443387278085750403e+00
8.481051954472460519e-01 2.950004743577379074e+00 7.697667445265786945e+00
-8.437623758839443155e+00 -2.812271835554035704e+00 3.282775539381264984e+00
-8.597884664893614692e-01 -4.881282585607654489e+00 1.819339583879656663e+00
8.163817730895545077e-01 -4.017658286546492263e+00 7.705297297292800884e+00
-9.468584228843765160e+00 -1.995961799096823697e+00 -1.401092788060604777e+00
-9.124056515684570101e+00 1.473248923131924570e+00 -3.570450555189776498e+00
3.724972331023636674e+00 7.718461433974166397e-01 -1.070075432531707804e+01
1.179638162760412889e+01 -9.726511259854575542e+00 -3.425731235078969483e+00
4.169304701706249894e+00 -9.886556875327867644e+00 -3.678711542177496518e+00
-7.818764088812757862e+00 3.470458234249804264e+00 -6.411866868402798403e+00
6.179678810946922063e+00 3.905518171944599715e+00 -5.106397238388702409e-01
-3.080026854320623730e+00 4.016540402082714678e+00 1.745834578879694177e-01
2.918263484204576041e+00 -8.478687573261751709e+00 6.856366922854171264e+00
-6.890417401946853815e+00 -6.148351484192380312e+00 5.408136543416240727e+00
6.113407066698719916e+00 -5.390650526105701168e+00 2.758909130092907613e+00
2.953317521807203416e+00 -1.912580849871183375e+00 -1.086676964798621192e+01
5.233051817434301256e+00 -8.449932503362251879e-01 4.666359403108281789e+00
-3.758127215250953945e+00 -5.910639988996993388e+00 -9.948188848855433974e+00
-1.820068613484558284e+00 -8.171708599945786133e+00 7.873525688146762569e+00
3.177166013567694236e+00 2.167678094747422790e-01 -4.302507966405367590e+00
3.198033715815165046e+00 -2.122549244994097251e+00 -4.292339198106284393e+00
-4.257408019728075033e+00 -8.396846153578842120e+00 -9.687237719696049965e+00
-9.457348978566360032e+00 -6.151558244479543802e+00 -3.806641194924816340e-01
1.199190724674609498e+01 -2.746815299201129434e+00 -2.872886666367321595e+00
3.184359339748076945e+00 -1.746601867656073281e+00 -1.082298930330513365e+01
-2.267889019527507433e+00 -5.027293660896638983e-01 1.308476900953285949e+00
1.167616283575986635e+01 -9.758226978050323908e-01 -3.729184260409141860e+00
4.198966495510213726e+00 3.263096950226117343e+00 -1.057023178207247405e+01
5.764732477963694812e+00 -6.819327401376600761e+00 -1.668764031832185468e+00
-9.055702262433710459e+00 -3.834572952899429232e+00 -3.804800525505086739e+00
5.729661133684766483e+00 3.500346850970167623e+00 -9.989823034988686956e+00
2.794354287704885920e+00 -6.446941615382769442e+00 6.928322403328829537e+00
1.179934003798393638e+00 -5.877909466777958336e+00 -1.103917590734444332e+01
4.458144877173642051e+00 -3.643926195268557322e+00 -1.048937513050982417e+01
-6.834484843867323356e+00 -8.566970292479977545e+00 -7.661923498890438999e+00
-8.706936009371244012e+00 -3.223484818941563468e+00 -4.764995394806902596e+00
-9.433061346575241757e+00 -7.479786883827048705e+00 -1.910719537167826942e+00
-2.232141690377182019e+00 2.941956163148427450e+00 -1.055367145463856282e+01
5.310711517631573564e+00 -8.564281667197574777e+00 -2.454082422081561798e+00
-6.828994198789116732e-01 -3.704274933510092183e-01 1.807347301540095597e+00
-9.141101587756329749e+00 -1.799538809288950603e+00 -3.508377016460691333e+00
5.891167552921654504e+00 -4.136410061417279849e+00 -1.386276362685711083e+00
-9.352815659119048775e+00 -2.548497117112459520e+00 -2.529976148521622115e+00
1.245240011756795262e+01 -7.953403711649002616e+00 -9.605042396141270089e-01
-5.190669123195548629e+00 -3.935218478435618117e+00 -9.101086861130777805e+00
-2.966448575126561682e+00 7.639664848726432922e-01 7.669338675229009361e+00
-5.365030575096973564e+00 4.868839905532825085e+00 -8.975610347693612212e+00
-9.368404365214113572e-01 -8.438355259237503958e+00 -4.404264241032453953e+00
-3.166466789844413210e+00 -1.324196244903863118e+00 -1.021550240112699193e+01
6.292473346319304994e+00 -8.808709465165200925e+00 1.923147505109569444e+00
-3.161574926916877804e+00 3.412863119961773606e+00 -1.879109516977443217e+00
3.917874332121401793e+00 -5.149426568267188919e+00 -3.866359294894076370e+00
5.714506491094431873e+00 -4.675055412520940479e+00 -1.771033585935787524e+00
-3.263618889802147205e+00 -2.214103136375944914e+00 -5.583597090090389736e-01
-3.241669788951153652e+00 2.005347617335424104e+00 -4.105180417227863310e-01
5.943956248607056736e+00 -1.899821280932341594e+00 -1.255275583296588282e+00
8.401206218529788217e+00 -2.368394642920872428e-01 -8.270202721105983201e+00
-8.886865081424701884e+00 -5.134993703269365994e+00 2.277048369364335301e+00
4.108859094598803274e+00 4.230432797285210711e-02 5.975184623739968615e+00
1.252097420559895191e+01 -7.241215225932151611e-02 -4.619527893619196912e-01
-9.377824674432972074e+00 9.597576535886922500e-01 3.715253833506699799e-01
-5.632466321775886797e+00 -9.097864860988222446e+00 6.460468161717855651e+00
-9.423061961773093742e+00 4.364379267580703825e+00 1.604131850763866260e-02
2.745820166231896842e+00 3.500733623099865355e-01 -4.488117943791961828e+00
4.483516835224911290e+00 -1.962584732903781770e+00 -3.410022444928988872e+00
-2.816859568083471377e+00 -3.244435956127222909e+00 -2.707736172586967527e+00
-7.441647553579356922e-01 -4.786427136415269068e+00 -1.090205235346966361e+01
-6.974841308858369615e+00 1.931749411845938624e+00 -7.506679667709436288e+00
1.080885450339488152e+01 -6.480368772168196401e+00 -5.438999625672871652e+00
-6.891142566592547425e-01 -7.713759800043738402e+00 7.910914198928854724e+00
1.250504237192044954e+01 3.905014518864430073e+00 -5.921384390902635353e-01
-9.066446396526984586e+00 2.630499415646319505e+00 1.751045987279684635e+00
-8.505488421861883808e+00 -6.462146799586037105e-01 3.150087781291428524e+00
-3.075070746884212003e+00 1.329056307452118446e+00 -2.148931385820918027e+00
-9.867934138308332992e-01 2.391014453787926541e+00 -4.381089330412740956e+00
1.299022710987356222e+00 6.311704661446473352e-01 -1.103655134948835403e+01
-1.745209485741022970e+00 -5.453074660820070640e+00 1.632318064359909782e+00
6.360759516218466025e+00 -4.597953887927213934e+00 1.043939665124383742e+00
-3.114628559625149506e+00 4.054367345465941241e+00 -2.034472109051982613e+00
-9.326619107285139876e+00 -5.417135340129647147e+00 6.834621744559291612e-01
-5.035756720074583415e-01 -3.291961892427464953e+00 7.901596040778209762e+00
-9.262791191120575363e+00 -2.264808584552532977e+00 -3.007117384237520952e+00
1.047380423277035710e+01 -2.545547756412545937e+00 -5.956843621937177424e+00
1.250174986864729654e+01 2.771374366176436510e+00 -6.177086502529050005e-01
4.906842153964971587e+00 3.958928219658744752e+00 -2.974821123843494508e+00
-1.770166192412130135e+00 2.261745627367874434e+00 -3.904146085201180227e+00
7.832438361516260716e-01 3.169614806676042562e+00 7.713115480296387716e+00
7.653491354280141934e+00 2.088881001764317347e+00 -8.860140413968165873e+00
1.932321352993712216e+00 -5.429812913529388219e+00 -1.100103359359910726e+01
-3.244651814383739730e+00 -3.955297318522577932e+00 -1.500165190099559842e+00
2.611418061343341090e+00 4.242663335369254440e-01 -4.536781764402346262e+00
3.289683464301751847e+00 4.634153012898723389e+00 6.620563484534383036e+00
-8.093932654491307943e+00 2.337208454515414147e+00 -5.975492243593436115e+00
-6.281003655524733942e-01 2.930217234089338874e+00 -4.531329542675838873e+00
1.062187672117197046e+01 -2.694071217715961808e+00 -5.735129447385695300e+00
-9.158344482604798387e+00 1.472147013544931937e+00 -3.443886313389084908e+00
2.710863257000524662e+00 -2.461508853048363754e+00 -4.501180929853979329e+00
-6.372020212148088447e-01 -7.804390117566263108e+00 7.908749304372434175e+00
1.778816355541287919e+00 -8.977415359217596702e+00 7.407733931646313330e+00
-8.747564095639659421e-01 -7.972505662677658478e+00 1.819575277583592943e+00
1.199653338075149911e+01 -1.757056961574745557e+00 -2.858711099438670633e+00
1.206115742265077273e+01 -3.512531825048020195e+00 -2.654242653608647640e+00
5.210509294168215177e+00 -2.407872057396338583e+00 4.700066272538051315e+00
-3.824722334250781230e+00 -8.415029736073840638e+00 7.401108228452589088e+00
-8.099842257666182377e+00 -6.759427262356005883e+00 -5.965550339552129877e+00
-8.833650164121603865e+00 -2.469836140276999714e-01 -4.450621628745756730e+00
9.122790879345319404e-01 -9.079755593339978503e+00 -4.813995161810285417e+00
1.198645990765036862e+00 -3.102993643460197681e+00 -1.103884847100566979e+01
-3.012022259066670760e+00 4.922994757546506506e+00 3.355299458549036995e-01
-2.998588356495790475e+00 4.255284328782984460e-01 3.644287776813310287e-01
1.239738489056212956e+01 -6.412298436761115994e+00 -1.281092297955159109e+00
1.286074697309538828e-01 -8.179225908663566358e+00 -4.737782186074698032e+00
5.562467423691707324e+00 -8.484312834840299189e+00 4.117067871575009974e+00
-5.382576994699196149e+00 -9.065623028049060395e+00 -8.962678332067268272e+00
-8.053908969702233023e+00 4.950452807794651022e+00 3.947058190062755934e+00
3.800575646174647826e+00 -7.717084265348361782e-01 -1.068141646159646996e+01
5.446280610112776088e+00 -6.415624556254222455e-01 4.324310448262371764e+00
-8.710310180554955650e+00 -3.608749241644427563e+00 2.712480154210339389e+00
-7.648603507122128109e-01 3.299063228607000298e+00 -4.478386316140928969e+00
-4.574668449526885894e+00 -7.080662322688524135e+00 7.078103797606599024e+00
1.762084375701887362e+00 -3.788053712066094647e+00 7.414127567035214028e+00
4.827114793546491534e+00 1.004215708421030584e+00 -1.036236021707435917e+01
2.908672753328273020e-01 -9.834531033570291569e+00 -1.101812850048204950e+01
-2.025885345449982999e+00 -2.779837725470145848e+00 7.849343531693942388e+00
-2.947020549933033751e-01 -6.102801868824486498e+00 1.715772005710249681e+00
-4.204090391168180396e-01 -7.943354414065014524e+00 -1.094912840321381964e+01
-8.950782674344898382e+00 -6.771971919741437418e+00 2.101494036623166028e+00
2.576274758060741465e-01 -6.381978136006877911e+00 1.359288084266720986e+00
1.226975645212528399e+01 2.023056678244843809e+00 -1.885970070657490005e+00
1.190669947389827144e+01 -2.682189341104563418e+00 -3.124224318106090248e+00
-2.174404614588167473e+00 -1.780607665394605021e+00 -3.549762031866158463e+00
-4.898962383352209571e+00 2.665356241094238854e+00 6.910322729174946943e+00
-2.758926393545993339e+00 -2.676382944673327380e+00 -2.806582528743708060e+00
7.530901107409679884e-01 -5.129861096649100283e+00 -4.809115372723491433e+00
-2.195517181066638734e+00 -2.859728059468501726e+00 -1.056496411760198129e+01
1.148086096098223097e+00 -4.082855821449470568e+00 7.618385464796842754e+00
-5.248066106966946087e+00 1.775248157555854078e+00 6.709003480198900249e+00
9.097704973663262251e+00 4.330020297558924369e+00 -7.622606625421923354e+00
1.685103098321367066e+00 -5.268896563779809306e+00 -1.101922091327267239e+01
-5.636525741039807968e+00 -3.435953139169121151e+00 -8.769005345553209096e+00
6.330787496598908604e+00 2.613073691388839492e+00 3.702733418555395062e-01
-1.918130447228015401e+00 3.526429882031353102e+00 1.545581247556590210e+00
-5.385142159555166508e+00 -4.419778478757940832e-01 6.623733401579722013e+00
-7.259938004207229234e+00 3.426766110598045145e+00 -7.170376429080351777e+00
-8.263495170707605197e+00 -7.909962285990737030e-01 -5.679215959814714942e+00
-3.227181451354573127e+00 -2.223879670821938603e+00 -3.325180382820512870e-01
7.627794337463202901e-01 1.061506530822283523e+00 -4.809563975808066161e+00
-8.170971908084490920e+00 2.034166881252996717e-01 3.757933163467590987e+00
-2.150955917904623149e+00 -8.728119759312951587e+00 1.397894606289865171e+00
-3.745819497686139865e+00 -8.918734960019898850e+00 -9.954199701913831078e+00
-3.278747429639907729e+00 -9.818372871476688246e+00 -7.086795580354046109e-01
1.182371636149951399e+01 1.062625391885104520e+00 -3.353263778422964414e+00
2.806122424725125963e+00 -5.551966280685171284e+00 6.921625779695300018e+00
3.048931922705967246e+00 1.619802967717728137e+00 6.776941396876712709e+00
-7.158174664416555366e+00 -7.222066481987980957e+00 -7.293832749251414782e+00
2.655765795705368859e+00 -8.524065254299040717e+00 -4.521189250065272169e+00
-7.212303030112742874e+00 1.465589933326040040e+00 -7.228659008175453593e+00
6.357535637090188985e+00 -9.685825584536308597e+00 1.198413514176075223e+00
-3.226770356845788168e+00 4.517900522675457609e+00 -1.601244103722003986e+00
5.832924835994767854e+00 1.538347217572004766e+00 3.554118325936212575e+00
-8.681873593967919689e+00 -4.270905405206561589e+00 -4.823690271171044763e+00
4.754665326330823838e+00 -8.179203727608904018e+00 -3.142290273988025184e+00
-8.957281190177225128e+00 1.619506709566818969e+00 -4.109266213989071659e+00
-7.972630203666783544e+00 -2.045468001262625179e+00 -6.174014229790483199e+00
-2.170042691328575302e+00 4.527331663915756366e+00 1.384047104835235409e+00
2.615998774766889134e+00 -5.607669449485529256e+00 -1.092174162068863552e+01
1.234050435950948987e+01 -9.717761554551689329e-01 -1.569287660743214907e+00
-9.459266241034482547e+00 1.221097691442981414e+00 -1.579487851491054196e+00
3.631415865390943409e+00 -1.528208900274599102e-01 -1.072391559011351525e+01
-9.587804514685186463e-01 -4.925987410082523610e+00 -4.394179049541405035e+00
1.084610042728754209e+01 -6.630765822342221227e+00 -5.377657447202190077e+00
1.431299383131858338e+00 -3.518846755837060414e+00 7.531377219231496944e+00
-3.816772242323496211e+00 -8.059062625821180603e-01 7.404073498596074110e+00
1.140864674384166122e+01 -6.389609322512425749e+00 -4.332129556521857161e+00
-1.428189753365901371e+00 -7.037942652100940499e+00 -4.140893903594720094e+00
8.804783500480921177e+00 -3.128378101719100357e-01 -7.907803354049548261e+00
6.090429535342451572e+00 2.239204084529259120e+00 2.838178740151260371e+00
7.217546810001907787e+00 2.697715080354170070e+00 -9.161283521353849935e+00
1.045293826432665085e+01 -6.216384697399575998e+00 -5.987248400823495409e+00
-8.318912283623527415e-01 -3.091907540887899764e+00 -1.088758004661981893e+01
5.882802002073853842e+00 9.273601574241983059e-01 -9.917445365487516540e+00
8.566478411293840800e-01 -1.575724347839280171e-01 -1.103982883197474152e+01
2.904607245853854547e+00 -1.824596216545925742e+00 -4.425119769220116517e+00
1.241142601400268042e+01 4.060820997456783488e+00 -1.203875830900806854e+00
-2.252174735904995728e+00 -7.527777764058443566e+00 1.321148002416743461e+00
-6.883030288262417251e-01 8.896986497794330262e-01 -4.508659784936602577e+00
4.092224615131798693e+00 -6.797329505339921418e+00 -1.060156501421125519e+01
-7.897879521304938422e+00 2.610545420168000064e+00 4.183844464307497901e+00
-2.539060520926224029e+00 -1.866441917622275071e+00 -1.045335129480851855e+01
-9.399944837011471321e+00 -2.374591796255800524e+00 -2.205676241867529974e+00
5.765357417133188278e+00 -1.524670107114758366e+00 3.707778570449453248e+00
-5.589640602073113307e+00 3.099843737912115316e+00 -8.805698409723403230e+00
-8.277919589705557968e+00 1.416823055647370211e+00 -5.652888679967794872e+00
1.559015369151236952e+00 -3.076637883703151388e+00 -4.779850466713973844e+00
4.240855492604901356e-01 -6.299817032175655029e+00 1.137427705282754165e+00
-3.010501684359851993e+00 4.877149270240451528e+00 -1.027886742105871676e+01
-2.711773352122944125e+00 -3.977585262080676642e+00 -2.882336381749799337e+00
2.722323394865325596e+00 -6.939465480566517464e+00 -1.090555356666875930e+01
-9.344273061909452949e+00 9.960694404451224671e-01 5.831489366107626138e-01
-8.932058761381339806e+00 -7.179628980768757884e+00 -4.182206314560393601e+00
2.657559068359561127e+00 1.756876767280958873e+00 7.004103186637110845e+00
-9.332579944703757846e+00 -9.921555796856308618e+00 6.503035175650443422e-01
-3.652819127522627940e-01 -9.470329675896413946e+00 -1.095615868787970015e+01
-1.554842346787152163e+00 -6.962791597521438725e+00 -1.073983352114921708e+01
1.186670649519288112e+01 -4.480888730468732817e+00 -3.236383279557413672e+00
4.455087995089955122e+00 -7.766679245013330402e+00 5.637300991383586535e+00
5.472221863819177301e+00 3.149761427423008797e+00 4.279470906109577477e+00
1.253998451240774159e+01 -4.475357042397274832e+00 -2.891377633780031764e-01
-4.490618030818547268e+00 8.310640730410554511e-01 7.118714843537293113e+00
8.762600290236731482e+00 -1.104334987198237528e+00 -7.947280324439412347e+00
-7.115625392388562342e-02 -3.810672387270644279e+00 7.862709256327319984e+00
-5.159916649191406357e+00 -9.951726045935819442e+00 -9.122657227786071132e+00
-8.833610902141332488e+00 -4.667604843379638879e+00 -4.450724082591139386e+00
2.260995672273429236e+00 -8.605140402653017162e+00 -1.096825027922195872e+01
-9.420062247389337173e+00 -2.785406651708143499e+00 -2.036567253243390496e+00
-8.038513613844550321e+00 -9.027196082755475359e+00 -6.067477258180380417e+00
-9.469213169755787973e+00 -1.577731180607143457e+00 -1.386135130895286949e+00
-9.408231784722408619e+00 -9.476850010531769897e-01 1.451483750485549895e-01
-6.337119708967938081e+00 2.074834995211546129e+00 -8.164829984839391486e+00
6.333649156884379572e+00 2.375741152700930670e+00 1.579008748429903131e+00
-7.541050009922906305e+00 -8.844125812985032198e+00 4.670540476262286411e+00
-3.025266006584369283e+00 -4.986425219559087907e+00 3.061988449897287690e-01
1.526289286109286047e+00 6.152140211137364645e-01 -1.102798275163346275e+01
1.820467999976173923e+00 -2.240964153375859524e+00 -1.100994913151710008e+01
-3.875859790790794346e+00 -7.788212099405740219e+00 7.381812132759630884e+00
4.385047868684353922e+00 -3.489709507391871135e+00 5.709420068290328665e+00
-3.089494538630067844e+00 -6.690820709331831040e+00 -2.108611521130603794e+00
-9.300493458784874434e+00 1.034946713587848066e+00 -2.822901582636382578e+00
1.255530608014784200e+01 3.996699970153365200e+00 -1.304189785654656653e-01
-8.028597271106423960e+00 -3.681279200588919664e+00 -6.083704052589399502e+00
-8.282250099094721207e+00 1.784774271203479756e+00 -5.644947829130957828e+00
-1.641708412967584740e+00 -3.851426654555676343e+00 -3.998961832616219514e+00
5.725417267359970808e+00 -4.242505721004340202e+00 -9.991789552641876071e+00
-9.473934383897416822e+00 -1.183459587067027030e+00 -7.423049569032760253e-01
3.414565862288693410e+00 -4.566468375215674058e+00 -4.179959594216256846e+00
4.019300494412489044e+00 -9.607049372019028866e+00 6.055504020056353909e+00
-7.317598208570917917e-01 2.475455655136601152e+00 1.812384560333415218e+00
6.304541170600974631e+00 -2.228818506417768575e+00 1.836947063707763173e+00
5.725899020106643533e+00 4.110188676730107460e+00 3.793010965512350285e+00
6.356119058850119963e+00 -3.555147808915974039e+00 7.390895950829015071e-01
7.949845024362864443e+00 2.629003501877129167e+00 -8.638055407726863422e+00
3.528192468025562079e+00 2.039649646935655980e+00 -4.115800756907591840e+00
-5.162211308567526302e+00 -2.755466918719672087e+00 6.760587801930637575e+00
-5.554308631374395011e-01 -8.790977293643130963e+00 -4.557390583183907218e+00
-2.901365819369871701e+00 -2.553082714670503961e+00 -1.032151365777033547e+01
-3.625560895901934089e+00 9.426234297859501510e-01 7.472617082689493095e+00
-8.850815915226985936e-03 -7.616377484959696353e+00 -1.099476572258958740e+01
-9.073041510829661149e+00 -7.969688765834717081e+00 -3.747373864161521961e+00
-1.117871975136149443e+00 -1.456726559929073517e-01 -1.083525541656789137e+01
1.182685223257681528e+01 -8.965629754653681616e+00 -3.344860573934348658e+00
-2.972263076978298280e+00 -5.767193879601998141e+00 4.187751578938625485e-01
